1.432270050048828125e+00
1.433153986930847168e+00
1.432424068450927734e+00
1.430588960647583008e+00
1.427814364433288574e+00
1.424307703971862793e+00
1.420265555381774902e+00
1.415837287902832031e+00
1.411124825477600098e+00
1.406193137168884277e+00
1.401087045669555664e+00
1.395837664604187012e+00
1.390466332435607910e+00
1.384990334510803223e+00
1.379423499107360840e+00
1.373774886131286621e+00
1.368055224418640137e+00
1.362274169921875000e+00
1.356441855430603027e+00
1.350571155548095703e+00
1.344675421714782715e+00
1.338771104812622070e+00
1.332872152328491211e+00
1.326994657516479492e+00
1.321153879165649414e+00
1.315364122390747070e+00
1.309638619422912598e+00
1.303992509841918945e+00
1.298435926437377930e+00
1.292984008789062500e+00
1.287649512290954590e+00
1.282439827919006348e+00
1.277366757392883301e+00
1.272436141967773438e+00
1.267653942108154297e+00
1.263021230697631836e+00
1.258538842201232910e+00
1.254205465316772461e+00
1.250019311904907227e+00
1.245974540710449219e+00
1.242066144943237305e+00
1.238289237022399902e+00
1.234637379646301270e+00
1.231105446815490723e+00
1.227685213088989258e+00
1.224372982978820801e+00
1.221161603927612305e+00
1.218046307563781738e+00
1.215021729469299316e+00
1.212082386016845703e+00
1.209225058555603027e+00
1.206445217132568359e+00
1.203738570213317871e+00
1.201100945472717285e+00
1.198530673980712891e+00
1.196023464202880859e+00
1.193577527999877930e+00
1.191190838813781738e+00
1.188858985900878906e+00
1.186580777168273926e+00
1.184354305267333984e+00
1.182177424430847168e+00
1.180048465728759766e+00
1.177965044975280762e+00
1.175926089286804199e+00
1.173929572105407715e+00
1.171972990036010742e+00
1.170056104660034180e+00
1.168177127838134766e+00
1.166333317756652832e+00
1.164524793624877930e+00
1.162749052047729492e+00
1.161004304885864258e+00
1.159289717674255371e+00
1.157605051994323730e+00
1.155947446823120117e+00
1.154316902160644531e+00
1.152710914611816406e+00
1.151129484176635742e+00
1.149572014808654785e+00
1.148037433624267578e+00
1.146523714065551758e+00
1.145032882690429688e+00
1.143561959266662598e+00
1.142111778259277344e+00
1.140680909156799316e+00
1.139270186424255371e+00
1.137879133224487305e+00
1.136507511138916016e+00
1.135154247283935547e+00
1.133821129798889160e+00
1.132507443428039551e+00
1.131211519241333008e+00
1.129935503005981445e+00
1.128679513931274414e+00
1.127441048622131348e+00
1.126222014427185059e+00
1.125022888183593750e+00
1.123842000961303711e+00
1.122679352760314941e+00
1.121536493301391602e+00
1.120412349700927734e+00
1.119306802749633789e+00
1.118219375610351562e+00
1.117150783538818359e+00
1.116100072860717773e+00
1.115068435668945312e+00
1.114053726196289062e+00
1.113057732582092285e+00
1.112079262733459473e+00
1.111117720603942871e+00
1.110174655914306641e+00
1.109248399734497070e+00
1.108340024948120117e+00
1.107448577880859375e+00
1.106573581695556641e+00
1.105716347694396973e+00
1.104875564575195312e+00
1.104051947593688965e+00
1.103244423866271973e+00
1.102453947067260742e+00
1.101679086685180664e+00
1.100920319557189941e+00
1.100178718566894531e+00
1.099451780319213867e+00
1.098741531372070312e+00
1.098045825958251953e+00
1.097365617752075195e+00
1.096700310707092285e+00
1.096049785614013672e+00
1.095413684844970703e+00
1.094792008399963379e+00
1.094183921813964844e+00
1.093589782714843750e+00
1.093009233474731445e+00
1.092441439628601074e+00
1.091886639595031738e+00
1.091344475746154785e+00
1.090814352035522461e+00
1.090296149253845215e+00
1.089790105819702148e+00
1.089295148849487305e+00
1.088811159133911133e+00
1.088338375091552734e+00
1.087875723838806152e+00
1.087424039840698242e+00
1.086981773376464844e+00
1.086549282073974609e+00
1.086125969886779785e+00
1.085712790489196777e+00
1.085307240486145020e+00
1.084911465644836426e+00
1.084524035453796387e+00
1.084144711494445801e+00
1.083773851394653320e+00
1.083410501480102539e+00
1.083054304122924805e+00
1.082705736160278320e+00
1.082364559173583984e+00
1.082029819488525391e+00
1.081702470779418945e+00
1.081382393836975098e+00
1.081067681312561035e+00
1.080759167671203613e+00
1.080458164215087891e+00
1.080161333084106445e+00
1.079871535301208496e+00
1.079587101936340332e+00
1.079307675361633301e+00
1.079033613204956055e+00
1.078765511512756348e+00
1.078502297401428223e+00
1.078243374824523926e+00
1.077989697456359863e+00
1.077740073204040527e+00
1.077496051788330078e+00
1.077255964279174805e+00
1.077020883560180664e+00
1.076789021492004395e+00
1.076561927795410156e+00
1.076338529586791992e+00
1.076118946075439453e+00
1.075904011726379395e+00
1.075692176818847656e+00
1.075484037399291992e+00
1.075279712677001953e+00
1.075078845024108887e+00
1.074881076812744141e+00
1.074686646461486816e+00
1.074495792388916016e+00
1.074308395385742188e+00
1.074123263359069824e+00
1.073941826820373535e+00
1.073763370513916016e+00
1.073587179183959961e+00
1.073413968086242676e+00
1.073243737220764160e+00
1.073077082633972168e+00
1.072911739349365234e+00
1.072749137878417969e+00
1.072589755058288574e+00
1.072432518005371094e+00
1.072278261184692383e+00
1.072125673294067383e+00
1.071975111961364746e+00
1.071827411651611328e+00
1.071681857109069824e+00
1.071538567543029785e+00
1.071397423744201660e+00
1.071257352828979492e+00
1.071120262145996094e+00
1.070985198020935059e+00
1.070852160453796387e+00
1.070720672607421875e+00
1.070591092109680176e+00
1.070463180541992188e+00
1.070337653160095215e+00
1.070213317871093750e+00
1.070090770721435547e+00
1.069970130920410156e+00
1.069850802421569824e+00
1.069733619689941406e+00
1.069618582725524902e+00
1.069503545761108398e+00
1.069390535354614258e+00
1.069279193878173828e+00
1.069169282913208008e+00
1.069060921669006348e+00
1.068953990936279297e+00
1.068848371505737305e+00
1.068744540214538574e+00
1.068641304969787598e+00
1.068540334701538086e+00
1.068439245223999023e+00
1.068339943885803223e+00
1.068241953849792480e+00
1.068145275115966797e+00
1.068050026893615723e+00
1.067955374717712402e+00
1.067861914634704590e+00
1.067770361900329590e+00
1.067678809165954590e+00
1.067588925361633301e+00
1.067500352859497070e+00
1.067412018775939941e+00
1.067325830459594727e+00
1.067239284515380859e+00
1.067153930664062500e+00
1.067070841789245605e+00
1.066987752914428711e+00
1.066905498504638672e+00
1.066824078559875488e+00
1.066743850708007812e+00
1.066664099693298340e+00
1.066585898399353027e+00
1.066507935523986816e+00
1.066431164741516113e+00
1.066355109214782715e+00
1.066279888153076172e+00
1.066205024719238281e+00
1.066131472587585449e+00
1.066058278083801270e+00
1.065985918045043945e+00
1.065914630889892578e+00
1.065843820571899414e+00
1.065774321556091309e+00
1.065704584121704102e+00
1.065635561943054199e+00
1.065567493438720703e+00
1.065500736236572266e+00
1.065433621406555176e+00
1.065367698669433594e+00
1.065302848815917969e+00
1.065237522125244141e+00
1.065172672271728516e+00
1.065109372138977051e+00
1.065046787261962891e+00
1.064983844757080078e+00
1.064922213554382324e+00
1.064861416816711426e+00
1.064800143241882324e+00
1.064740300178527832e+00
1.064680099487304688e+00
1.064621090888977051e+00
1.064562916755676270e+00
1.064504265785217285e+00
1.064447045326232910e+00
1.064390301704406738e+00
1.064333438873291016e+00
1.064277052879333496e+00
1.064221739768981934e+00
1.064166545867919922e+00
1.064112305641174316e+00
1.064057946205139160e+00
1.064004302024841309e+00
1.063950896263122559e+00
1.063898205757141113e+00
1.063845396041870117e+00
1.063793182373046875e+00
1.063742041587829590e+00
1.063690662384033203e+00
1.063639760017395020e+00
1.063589572906494141e+00
1.063539862632751465e+00
1.063489437103271484e+00
1.063440918922424316e+00
1.063392281532287598e+00
1.063343405723571777e+00
1.063295960426330566e+00
1.063247561454772949e+00
1.063200473785400391e+00
1.063153386116027832e+00
1.063107728958129883e+00
1.063061237335205078e+00
1.063014984130859375e+00
1.062969684600830078e+00
1.062924861907958984e+00
1.062878847122192383e+00
1.062834978103637695e+00
1.062790870666503906e+00
1.062746524810791016e+00
1.062702775001525879e+00
1.062659740447998047e+00
1.062616825103759766e+00
1.062574267387390137e+00
1.062532186508178711e+00
1.062489748001098633e+00
1.062448263168334961e+00
1.062407016754150391e+00
1.062365412712097168e+00
1.062324643135070801e+00
1.062283992767333984e+00
1.062243700027465820e+00
1.062203764915466309e+00
1.062163949012756348e+00
1.062124609947204590e+00
1.062085270881652832e+00
1.062046170234680176e+00
1.062007427215576172e+00
1.061968564987182617e+00
1.061931014060974121e+00
1.061893343925476074e+00
1.061855196952819824e+00
1.061818361282348633e+00
1.061781048774719238e+00
1.061743855476379395e+00
1.061707258224487305e+00
1.061670899391174316e+00
1.061634421348571777e+00
1.061598420143127441e+00
1.061562776565551758e+00
1.061527013778686523e+00
1.061492085456848145e+00
1.061456799507141113e+00
1.061421990394592285e+00
1.061387181282043457e+00
1.061353325843811035e+00
1.061318874359130859e+00
1.061284661293029785e+00
1.061251044273376465e+00
1.061217784881591797e+00
1.061184406280517578e+00
1.061151504516601562e+00
1.061118483543395996e+00
1.061085700988769531e+00
1.061053395271301270e+00
1.061020851135253906e+00
1.060988783836364746e+00
1.060957074165344238e+00
1.060924887657165527e+00
1.060893654823303223e+00
1.060862064361572266e+00
1.060831189155578613e+00
1.060800194740295410e+00
1.060769677162170410e+00
1.060738801956176758e+00
1.060708284378051758e+00
1.060678482055664062e+00
1.060647845268249512e+00
1.060618162155151367e+00
1.060588955879211426e+00
1.060558557510375977e+00
1.060529589653015137e+00
1.060500502586364746e+00
1.060472249984741211e+00
1.060442924499511719e+00
1.060414314270019531e+00
1.060386180877685547e+00
1.060357928276062012e+00
1.060329318046569824e+00
1.060301423072814941e+00
1.060272932052612305e+00
1.060245394706726074e+00
1.060218095779418945e+00
1.060191035270690918e+00
1.060163378715515137e+00
1.060136675834655762e+00
1.060109972953796387e+00
1.060083270072937012e+00
1.060056209564208984e+00
1.060029506683349609e+00
1.060003519058227539e+00
1.059977412223815918e+00
1.059951663017272949e+00
1.059925556182861328e+00
1.059900164604187012e+00
1.059874296188354492e+00
1.059849023818969727e+00
1.059823632240295410e+00
1.059798479080200195e+00
1.059773802757263184e+00
1.059748530387878418e+00
1.059724330902099609e+00
1.059699773788452148e+00
1.059675216674804688e+00
1.059650897979736328e+00
1.059626936912536621e+00
1.059603333473205566e+00
1.059578895568847656e+00
1.059555172920227051e+00
1.059531807899475098e+00
1.059508085250854492e+00
1.059484601020812988e+00
1.059461474418640137e+00
1.059438824653625488e+00
1.059415340423583984e+00
1.059392452239990234e+00
1.059370040893554688e+00
1.059347152709960938e+00
1.059324979782104492e+00
1.059302568435668945e+00
1.059280276298522949e+00
1.059257626533508301e+00
1.059236168861389160e+00
1.059214353561401367e+00
1.059192419052124023e+00
1.059170484542846680e+00
1.059149146080017090e+00
1.059127688407897949e+00
1.059106469154357910e+00
1.059085607528686523e+00
1.059064149856567383e+00
1.059043407440185547e+00
1.059022545814514160e+00
1.059002161026000977e+00
1.058981060981750488e+00
1.058960437774658203e+00
1.058940052986145020e+00
1.058919906616210938e+00
1.058899879455566406e+00
1.058879494667053223e+00
1.058859586715698242e+00
1.058839797973632812e+00
1.058820486068725586e+00
1.058800697326660156e+00
1.058781147003173828e+00
1.058761358261108398e+00
1.058742403984069824e+00
1.058723330497741699e+00
1.058704257011413574e+00
1.058685064315795898e+00
1.058665871620178223e+00
1.058647155761718750e+00
1.058628559112548828e+00
1.058609724044799805e+00
1.058591127395629883e+00
1.058572411537170410e+00
1.058554649353027344e+00
1.058536887168884277e+00
1.058517575263977051e+00
1.058499932289123535e+00
1.058482289314270020e+00
1.058463931083679199e+00
1.058446288108825684e+00
1.058428764343261719e+00
1.058411240577697754e+00
1.058393955230712891e+00
1.058376073837280273e+00
1.058359026908874512e+00
1.058341860771179199e+00
1.058324694633483887e+00
1.058307647705078125e+00
1.058291077613830566e+00
1.058273673057556152e+00
1.058257222175598145e+00
1.058240532875061035e+00
1.058223843574523926e+00
1.058207750320434570e+00
1.058191180229187012e+00
1.058175086975097656e+00
1.058158993721008301e+00
1.058142542839050293e+00
1.058126211166381836e+00
1.058109998703002930e+00
1.058094143867492676e+00
1.058078765869140625e+00
1.058062553405761719e+00
1.058047175407409668e+00
1.058031320571899414e+00
1.058015704154968262e+00
