1.000000000000000000e+00 1.000000000000000000e+00
2.000000000000000000e+00 1.999610066413879395e+00
3.000000000000000000e+00 2.999534130096435547e+00
4.000000000000000000e+00 3.999484062194824219e+00
5.000000000000000000e+00 4.999407291412353516e+00
6.000000000000000000e+00 5.999267101287841797e+00
7.000000000000000000e+00 7.000352382659912109e+00
8.000000000000000000e+00 7.999470710754394531e+00
9.000000000000000000e+00 8.999323844909667969e+00
1.000000000000000000e+01 9.999485015869140625e+00
