1.264048457145690918e+00
1.182714343070983887e+00
1.124242544174194336e+00
1.075925350189208984e+00
1.034052848815917969e+00
9.953553080558776855e-01
9.601829051971435547e-01
9.299377202987670898e-01
9.026266336441040039e-01
8.746899366378784180e-01
8.493939042091369629e-01
8.260958790779113770e-01
8.039659857749938965e-01
7.842071056365966797e-01
7.649295330047607422e-01
7.467375397682189941e-01
7.295404076576232910e-01
7.125881910324096680e-01
6.969135999679565430e-01
6.820270419120788574e-01
6.688764095306396484e-01
6.548634171485900879e-01
6.395680308341979980e-01
6.272540688514709473e-01
6.190397143363952637e-01
6.099778413772583008e-01
6.007218360900878906e-01
5.911071896553039551e-01
5.820257067680358887e-01
5.746259093284606934e-01
5.677968859672546387e-01
5.603735446929931641e-01
5.528175830841064453e-01
5.455311536788940430e-01
5.382128357887268066e-01
5.314446091651916504e-01
5.257555246353149414e-01
5.206639766693115234e-01
5.151035785675048828e-01
5.093770027160644531e-01
5.040066838264465332e-01
4.990737438201904297e-01
4.944224059581756592e-01
4.900728166103363037e-01
4.853147864341735840e-01
4.806030988693237305e-01
4.763748645782470703e-01
4.733302593231201172e-01
4.695879817008972168e-01
4.669843614101409912e-01
4.647797048091888428e-01
4.618379473686218262e-01
4.584906101226806641e-01
4.553547799587249756e-01
4.524391591548919678e-01
4.494686424732208252e-01
4.463625848293304443e-01
4.433382451534271240e-01
4.404385089874267578e-01
4.376750886440277100e-01
4.350702166557312012e-01
4.326600730419158936e-01
4.304166734218597412e-01
4.280305206775665283e-01
4.254825711250305176e-01
4.229822158813476562e-01
4.205546081066131592e-01
4.181977808475494385e-01
4.159090518951416016e-01
4.136852622032165527e-01
4.115243256092071533e-01
4.094227254390716553e-01
4.073768556118011475e-01
4.053810238838195801e-01
4.034242928028106689e-01
4.014783799648284912e-01
3.979293107986450195e-01
3.971397280693054199e-01
3.956776559352874756e-01
3.940580487251281738e-01
3.924928903579711914e-01
3.909834027290344238e-01
3.895270526409149170e-01
3.881021142005920410e-01
3.866191208362579346e-01
3.855192065238952637e-01
3.849973380565643311e-01
3.845049142837524414e-01
3.833669722080230713e-01
3.820877969264984131e-01
3.808783292770385742e-01
3.797041773796081543e-01
3.784072995185852051e-01
3.769403100013732910e-01
3.754005730152130127e-01
3.738006651401519775e-01
3.732690811157226562e-01
3.731783032417297363e-01
3.735271096229553223e-01
3.733179867267608643e-01
3.722377717494964600e-01
3.710944354534149170e-01
3.699701726436614990e-01
3.688619732856750488e-01
3.677664101123809814e-01
3.666780591011047363e-01
3.655878007411956787e-01
3.644794523715972900e-01
3.633235096931457520e-01
3.625468015670776367e-01
3.622417747974395752e-01
3.619925379753112793e-01
3.612034320831298828e-01
3.602929413318634033e-01
3.593998849391937256e-01
3.585246801376342773e-01
3.576668202877044678e-01
3.568255901336669922e-01
3.560007214546203613e-01
3.551918864250183105e-01
3.543984293937683105e-01
3.536201119422912598e-01
3.528566360473632812e-01
3.521074950695037842e-01
3.513722717761993408e-01
3.506509363651275635e-01
3.499426543712615967e-01
3.492474853992462158e-01
3.485650718212127686e-01
3.478947877883911133e-01
3.472369015216827393e-01
3.465903103351593018e-01
3.459554314613342285e-01
3.453317284584045410e-01
3.447188138961791992e-01
3.441166281700134277e-01
3.435249328613281250e-01
3.429434299468994141e-01
3.423715829849243164e-01
3.418095707893371582e-01
3.412571251392364502e-01
3.407136201858520508e-01
3.401792645454406738e-01
3.396536707878112793e-01
3.391367197036743164e-01
3.386283218860626221e-01
3.381280601024627686e-01
3.376358449459075928e-01
3.371513783931732178e-01
3.366746008396148682e-01
3.362053930759429932e-01
3.357436060905456543e-01
3.352888226509094238e-01
3.348412811756134033e-01
3.344004750251770020e-01
3.339662849903106689e-01
3.335389792919158936e-01
3.331180810928344727e-01
3.327031731605529785e-01
3.322947621345520020e-01
3.318923711776733398e-01
3.314958810806274414e-01
3.311052322387695312e-01
3.307201862335205078e-01
3.303406536579132080e-01
3.299667835235595703e-01
3.295981287956237793e-01
3.292348980903625488e-01
3.288766443729400635e-01
3.285236656665802002e-01
3.281753659248352051e-01
3.278319239616394043e-01
3.274935483932495117e-01
3.271597325801849365e-01
3.268304169178009033e-01
3.265056610107421875e-01
3.261852562427520752e-01
3.258692622184753418e-01
3.255576193332672119e-01
3.252501785755157471e-01
3.249467611312866211e-01
3.246474564075469971e-01
3.243520855903625488e-01
3.240605592727661133e-01
3.237729966640472412e-01
3.234892189502716064e-01
3.232090771198272705e-01
3.229326605796813965e-01
3.226596415042877197e-01
3.223904073238372803e-01
3.221243917942047119e-01
3.218621313571929932e-01
3.216028511524200439e-01
3.213471174240112305e-01
3.210946023464202881e-01
3.208453655242919922e-01
3.205991387367248535e-01
3.203561007976531982e-01
3.201160132884979248e-01
3.198792636394500732e-01
3.196451067924499512e-01
3.194140195846557617e-01
3.191858530044555664e-01
3.189605474472045898e-01
3.187380135059356689e-01
3.185182511806488037e-01
3.183010816574096680e-01
3.180866837501525879e-01
3.178748786449432373e-01
3.176656961441040039e-01
3.174592256546020508e-01
3.172550499439239502e-01
3.170532584190368652e-01
3.168543577194213867e-01
3.166577816009521484e-01
3.164633810520172119e-01
3.162714540958404541e-01
3.160817623138427734e-01
3.158944249153137207e-01
3.157094419002532959e-01
3.155266046524047852e-01
3.153458833694458008e-01
3.151674866676330566e-01
3.149912357330322266e-01
3.148170709609985352e-01
3.146450519561767578e-01
3.144749701023101807e-01
3.143070936203002930e-01
3.141410350799560547e-01
3.139771223068237305e-01
3.138151466846466064e-01
3.136549890041351318e-01
3.134968280792236328e-01
3.133405745029449463e-01
3.131861388683319092e-01
3.130335807800292969e-01
3.128828704357147217e-01
3.127340376377105713e-01
3.125867545604705811e-01
3.124412894248962402e-01
3.122975230216979980e-01
3.121555149555206299e-01
3.120152354240417480e-01
3.118764460086822510e-01
3.117395639419555664e-01
3.116042017936706543e-01
3.114704489707946777e-01
3.113382756710052490e-01
3.112075328826904297e-01
3.110784590244293213e-01
3.109509348869323730e-01
3.108249902725219727e-01
3.107002377510070801e-01
3.105772733688354492e-01
3.104556202888488770e-01
3.103353977203369141e-01
3.102166652679443359e-01
3.100993037223815918e-01
3.099831640720367432e-01
3.098686039447784424e-01
3.097553551197052002e-01
3.096433281898498535e-01
3.095326125621795654e-01
3.094235062599182129e-01
3.093155622482299805e-01
3.092087507247924805e-01
3.091031312942504883e-01
3.089988827705383301e-01
3.088958859443664551e-01
3.087939918041229248e-01
3.086934387683868408e-01
3.085939586162567139e-01
3.084957003593444824e-01
3.083986341953277588e-01
3.083027601242065430e-01
3.082078397274017334e-01
3.081140816211700439e-01
3.080213665962219238e-01
3.079298138618469238e-01
3.078394234180450439e-01
3.077499866485595703e-01
3.076616525650024414e-01
3.075743019580841064e-01
3.074878752231597900e-01
3.074025809764862061e-01
3.073183596134185791e-01
3.072350025177001953e-01
3.071527481079101562e-01
3.070713877677917480e-01
3.069910407066345215e-01
3.069114387035369873e-01
3.068330287933349609e-01
3.067554533481597900e-01
3.066787123680114746e-01
3.066027760505676270e-01
3.065278530120849609e-01
3.064538538455963135e-01
3.063806295394897461e-01
3.063082396984100342e-01
3.062368035316467285e-01
3.061660826206207275e-01
3.060962855815887451e-01
3.060272634029388428e-01
3.059590458869934082e-01
3.058915734291076660e-01
3.058249652385711670e-01
3.057591319084167480e-01
3.056940138339996338e-01
3.056296408176422119e-01
3.055660724639892578e-01
3.055031895637512207e-01
3.054411411285400391e-01
3.053797185420989990e-01
3.053190410137176514e-01
3.052590489387512207e-01
3.051998615264892578e-01
3.051411509513854980e-01
3.050832450389862061e-01
3.050260841846466064e-01
3.049694001674652100e-01
3.049135208129882812e-01
3.048582375049591064e-01
3.048035502433776855e-01
3.047496080398559570e-01
3.046963810920715332e-01
3.046434223651885986e-01
3.045913279056549072e-01
3.045398294925689697e-01
3.044888973236083984e-01
3.044385313987731934e-01
3.043887317180633545e-01
3.043395280838012695e-01
3.042909502983093262e-01
3.042428493499755859e-01
3.041953146457672119e-01
3.041483163833618164e-01
3.041019439697265625e-01
3.040560483932495117e-01
3.040106594562530518e-01
3.039658665657043457e-01
3.039215803146362305e-01
3.038777410984039307e-01
3.038344681262969971e-01
3.037915527820587158e-01
3.037492930889129639e-01
3.037074804306030273e-01
3.036661148071289062e-01
3.036253154277801514e-01
3.035848736763000488e-01
3.035449087619781494e-01
3.035054504871368408e-01
3.034664988517761230e-01
3.034279048442840576e-01
3.033896684646606445e-01
3.033519983291625977e-01
3.033147454261779785e-01
3.032778799533843994e-01
3.032414019107818604e-01
3.032054603099822998e-01
3.031698465347290039e-01
3.031346797943115234e-01
3.030999302864074707e-01
3.030655384063720703e-01
3.030315637588500977e-01
3.029978871345520020e-01
3.029647171497344971e-01
3.029318749904632568e-01
3.028993904590606689e-01
3.028673231601715088e-01
3.028355836868286133e-01
3.028042018413543701e-01
3.027731776237487793e-01
3.027425110340118408e-01
3.027122318744659424e-01
3.026823103427886963e-01
3.026526570320129395e-01
3.026233613491058350e-01
3.025943934917449951e-01
3.025658130645751953e-01
3.025375306606292725e-01
3.025095462799072266e-01
3.024818599224090576e-01
3.024545311927795410e-01
3.024275302886962891e-01
3.024007081985473633e-01
3.023743033409118652e-01
3.023481965065002441e-01
3.023224771022796631e-01
3.022967576980590820e-01
3.022715449333190918e-01
3.022466003894805908e-01
3.022218644618988037e-01
3.021975755691528320e-01
3.021733462810516357e-01
3.021495342254638672e-01
3.021258711814880371e-01
3.021025359630584717e-01
3.020794689655303955e-01
3.020566701889038086e-01
3.020341396331787109e-01
3.020118772983551025e-01
3.019897937774658203e-01
3.019681274890899658e-01
3.019465506076812744e-01
3.019252717494964600e-01
3.019042909145355225e-01
3.018833398818969727e-01
3.018627762794494629e-01
3.018425107002258301e-01
3.018222749233245850e-01
3.018023371696472168e-01
3.017827868461608887e-01
3.017632067203521729e-01
3.017440140247344971e-01
3.017249703407287598e-01
3.017061352729797363e-01
3.016876280307769775e-01
3.016692399978637695e-01
3.016510307788848877e-01
3.016331195831298828e-01
3.016152083873748779e-01
3.015976250171661377e-01
3.015803098678588867e-01
3.015631139278411865e-01
3.015461266040802002e-01
3.015293180942535400e-01
3.015126585960388184e-01
3.014961779117584229e-01
3.014800548553466797e-01
3.014639019966125488e-01
3.014480769634246826e-01
3.014322519302368164e-01
3.014167547225952148e-01
3.014014363288879395e-01
3.013862073421478271e-01
3.013712167739868164e-01
3.013562560081481934e-01
3.013415634632110596e-01
3.013270497322082520e-01
3.013126254081726074e-01
3.012984991073608398e-01
3.012844026088714600e-01
3.012705445289611816e-01
3.012567162513732910e-01
3.012431561946868896e-01
3.012297153472900391e-01
3.012164235115051270e-01
3.012033700942993164e-01
3.011903762817382812e-01
3.011774718761444092e-01
3.011647462844848633e-01
3.011522591114044189e-01
3.011397719383239746e-01
3.011275231838226318e-01
3.011153936386108398e-01
3.011034131050109863e-01
3.010914325714111328e-01
3.010797202587127686e-01
3.010680675506591797e-01
3.010565638542175293e-01
3.010451793670654297e-01
3.010340034961700439e-01
3.010227680206298828e-01
3.010118007659912109e-01
3.010010123252868652e-01
3.009902834892272949e-01
3.009795248508453369e-01
3.009690046310424805e-01
3.009587228298187256e-01
3.009484410285949707e-01
3.009381592273712158e-01
3.009281456470489502e-01
3.009183108806610107e-01
3.009084761142730713e-01
3.008986115455627441e-01
3.008888959884643555e-01
3.008794486522674561e-01
3.008699417114257812e-01
3.008607923984527588e-01
3.008515238761901855e-01
3.008423149585723877e-01
3.008334636688232422e-01
3.008244633674621582e-01
3.008156716823577881e-01
3.008070886135101318e-01
3.007983565330505371e-01
3.007897734642028809e-01
3.007813692092895508e-01
3.007730543613433838e-01
3.007649481296539307e-01
3.007566928863525391e-01
3.007485866546630859e-01
3.007405400276184082e-01
3.007326722145080566e-01
3.007248342037200928e-01
3.007171750068664551e-01
3.007095158100128174e-01
3.007019162178039551e-01
3.006944954395294189e-01
3.006871640682220459e-01
