1.416537328623235226e-03
1.416496583260595798e-03
1.416374463587999344e-03
1.416143262758851051e-03
1.415848731994628906e-03
1.415472826920449734e-03
1.414996455423533916e-03
1.414436032064259052e-03
1.413780613802373409e-03
1.413047313690185547e-03
1.412239158526062965e-03
1.411331468261778355e-03
1.410358469001948833e-03
1.409290009178221226e-03
1.408125855959951878e-03
1.406892552040517330e-03
1.405572518706321716e-03
1.404174836352467537e-03
1.402694499120116234e-03
1.401119632646441460e-03
1.399463857524096966e-03
1.397738931700587273e-03
1.395944738760590553e-03
1.394059043377637863e-03
1.392094418406486511e-03
1.390039105899631977e-03
1.387915341183543205e-03
1.385732088238000870e-03
1.383455935865640640e-03
1.381095848046243191e-03
1.378680462948977947e-03
1.376178697682917118e-03
1.373609527945518494e-03
1.370964106172323227e-03
1.368254306726157665e-03
1.365479081869125366e-03
1.362619805149734020e-03
1.359691726975142956e-03
1.356701366603374481e-03
1.353643136098980904e-03
1.350529026240110397e-03
1.347351353615522385e-03
1.344112446531653404e-03
1.340799382887780666e-03
1.337429159320890903e-03
1.333977910690009594e-03
1.330472296103835106e-03
1.326920348219573498e-03
1.323312986642122269e-03
1.319656497798860073e-03
1.315942849032580853e-03
1.312148640863597393e-03
1.308326493017375469e-03
1.304428908042609692e-03
1.300485106185078621e-03
1.296483445912599564e-03
1.292475848458707333e-03
1.288407947868108749e-03
1.284321071580052376e-03
1.280139549635350704e-03
1.275956048630177975e-03
1.271692570298910141e-03
1.267376937903463840e-03
1.263052108697593212e-03
1.258669537492096424e-03
1.254271948710083961e-03
1.249835826456546783e-03
1.245351741090416908e-03
1.240841345861554146e-03
1.236280077137053013e-03
1.231701462529599667e-03
1.227087690494954586e-03
1.222447142936289310e-03
1.217784709297120571e-03
1.213083509355783463e-03
1.208367757499217987e-03
1.203628838993608952e-03
1.198854879476130009e-03
1.194064039736986160e-03
1.189257716760039330e-03
1.184425549581646919e-03
1.179566024802625179e-03
1.174701726995408535e-03
1.169812865555286407e-03
1.164923305623233318e-03
1.159998588263988495e-03
1.155078527517616749e-03
1.150141586549580097e-03
1.145192421972751617e-03
1.140242675319314003e-03
1.135255442932248116e-03
1.130292308516800404e-03
1.125317299738526344e-03
1.120334840379655361e-03
1.115347607992589474e-03
1.110351760871708393e-03
1.105359056964516640e-03
1.100354595109820366e-03
1.095362589694559574e-03
1.090365462005138397e-03
1.085381489247083664e-03
1.080380869098007679e-03
1.075393636710941792e-03
1.070410246029496193e-03
1.065436284989118576e-03
1.060462556779384613e-03
1.055510365404188633e-03
1.050543738529086113e-03
1.045596553012728691e-03
1.040661591105163097e-03
1.035738503560423851e-03
1.030828221701085567e-03
1.025919220410287380e-03
1.021051080897450447e-03
1.016178051941096783e-03
1.011310727335512638e-03
1.006468781270086765e-03
1.001642434857785702e-03
9.968309896066784859e-04
9.920387528836727142e-04
9.872709633782505989e-04
9.825169108808040619e-04
9.777854429557919502e-04
9.730742312967777252e-04
9.683810640126466751e-04
9.637178736738860607e-04
9.590763947926461697e-04
9.544591302983462811e-04
9.498561848886311054e-04
9.452959639020264149e-04
9.407440666109323502e-04
9.362182463519275188e-04
9.317236253991723061e-04
9.272478637285530567e-04
9.228035341948270798e-04
9.183862712234258652e-04
9.140032925643026829e-04
9.096571593545377254e-04
9.053132962435483932e-04
9.010174544528126717e-04
8.967539761215448380e-04
8.925052825361490250e-04
8.883008849807083607e-04
8.841268718242645264e-04
8.799849310889840126e-04
8.758749463595449924e-04
8.717991295270621777e-04
8.677403675392270088e-04
8.637299179099500179e-04
8.597515407018363476e-04
8.558073313906788826e-04
8.518879185430705547e-04
8.480132673867046833e-04
8.441749960184097290e-04
8.403664687648415565e-04
8.365985704585909843e-04
8.328566909767687321e-04
8.291537524200975895e-04
8.254898129962384701e-04
8.218679577112197876e-04
8.182736346498131752e-04
8.147244807332754135e-04
8.112125797197222710e-04
8.077329839579761028e-04
8.042911649681627750e-04
8.008817094378173351e-04
7.975185872055590153e-04
7.941867224872112274e-04
7.908960687927901745e-04
7.876413292251527309e-04
7.844229694455862045e-04
7.812484982423484325e-04
7.781087188050150871e-04
7.750194636173546314e-04
7.719573331996798515e-04
7.689464837312698364e-04
7.659679977223277092e-04
7.630187319591641426e-04
7.601262768730521202e-04
7.572512258775532246e-04
7.544372347183525562e-04
7.516506593674421310e-04
7.489017443731427193e-04
7.461821660399436951e-04
7.435164297930896282e-04
7.408931851387023926e-04
7.383269839920103550e-04
7.357869180850684643e-04
7.332905661314725876e-04
7.308195927180349827e-04
7.283887825906276703e-04
7.260086713358759880e-04
7.236643577925860882e-04
7.213648059405386448e-04
7.190991891548037529e-04
7.168822921812534332e-04
7.146892021410167217e-04
7.125442498363554478e-04
7.104491814970970154e-04
7.083880482241511345e-04
7.063813973218202591e-04
7.043971563689410686e-04
7.024584338068962097e-04
7.005556253716349602e-04
6.986947264522314072e-04
6.968799862079322338e-04
6.950928946025669575e-04
6.933588883839547634e-04
6.916557322256267071e-04
6.899997824802994728e-04
6.883792229928076267e-04
6.868056370876729488e-04
6.852704682387411594e-04
6.837642285972833633e-04
6.823145085945725441e-04
6.808969774283468723e-04
6.795198423787951469e-04
6.781792035326361656e-04
6.768840248696506023e-04
6.756265647709369659e-04
6.744200945831835270e-04
6.732344045303761959e-04
6.721045938320457935e-04
6.709994049742817879e-04
6.699489895254373550e-04
6.689384463243186474e-04
6.679553189314901829e-04
6.670214352197945118e-04
6.661305669695138931e-04
6.652678712271153927e-04
6.644531385973095894e-04
6.636772886849939823e-04
6.629464332945644855e-04
6.622458458878099918e-04
6.615931633859872818e-04
6.609724950976669788e-04
6.604010122828185558e-04
6.598590407520532608e-04
6.593629950657486916e-04
6.589057738892734051e-04
6.584848160855472088e-04
6.581099005416035652e-04
6.577749154530465603e-04
6.574708386324346066e-04
6.572157726623117924e-04
6.569906254298985004e-04
6.568097742274403572e-04
6.566705415025353432e-04
6.565765361301600933e-04
6.565157091245055199e-04
6.564957438968122005e-04
6.565157091245055199e-04
6.565781659446656704e-04
6.566705415025353432e-04
6.568097742274403572e-04
6.569925462827086449e-04
6.572165293619036674e-04
6.574723520316183567e-04
6.577667081728577614e-04
6.581121706403791904e-04
6.584851071238517761e-04
6.589075201191008091e-04
6.593631696887314320e-04
6.598556647077202797e-04
6.603924557566642761e-04
6.609752308577299118e-04
6.615926977246999741e-04
6.622460205107927322e-04
6.629375857301056385e-04
6.636782200075685978e-04
6.644519162364304066e-04
6.652726442553102970e-04
6.661318475380539894e-04
6.670228904113173485e-04
6.679584039375185966e-04
6.689307629130780697e-04
6.699505029246211052e-04
6.709992303512990475e-04
6.720962119288742542e-04
6.732346373610198498e-04
6.744093261659145355e-04
6.756271468475461006e-04
6.768843741156160831e-04
6.781850825063884258e-04
6.795115768909454346e-04
6.808874313719570637e-04
6.823147414252161980e-04
6.837659748271107674e-04
6.852596416138112545e-04
6.867983029223978519e-04
6.883806199766695499e-04
6.899997824802994728e-04
6.916543934494256973e-04
6.933616241440176964e-04
6.950986571609973907e-04
6.968767265789210796e-04
6.986920488998293877e-04
7.005596417002379894e-04
7.024499936960637569e-04
7.044000085443258286e-04
7.063651573844254017e-04
7.083900854922831059e-04
7.104506948962807655e-04
7.125494885258376598e-04
7.146930438466370106e-04
7.168847369030117989e-04
7.191041368059813976e-04
7.213718490675091743e-04
7.236651144921779633e-04
7.260094280354678631e-04
7.283927989192306995e-04
7.308218046091496944e-04
7.332949317060410976e-04
7.357957074418663979e-04
7.383262272924184799e-04
7.408921956084668636e-04
7.435083971358835697e-04
7.461924687959253788e-04
7.489027921110391617e-04
7.516506593674421310e-04
7.544354884885251522e-04
7.572575123049318790e-04
7.601318066008388996e-04
7.630186737515032291e-04
7.659607217647135258e-04
7.689395570196211338e-04
7.719613495282828808e-04
7.750142831355333328e-04
7.781042368151247501e-04
7.812498370185494423e-04
7.844278006814420223e-04
7.876357994973659515e-04
7.908943225629627705e-04
7.941842195577919483e-04
7.975206244736909866e-04
8.008833392523229122e-04
8.042826084420084953e-04
8.077230304479598999e-04
8.112097275443375111e-04
8.147246553562581539e-04
8.182774763554334641e-04
8.218706934712827206e-04
8.254915592260658741e-04
8.291613194160163403e-04
8.328598341904580593e-04
8.365921676158905029e-04
8.403589599765837193e-04
8.441690006293356419e-04
8.480122778564691544e-04
8.518861723132431507e-04
8.558052941225469112e-04
8.597481064498424530e-04
8.637308492325246334e-04
8.677485748194158077e-04
8.717944729141891003e-04
8.758721523918211460e-04
8.799842908047139645e-04
8.841269300319254398e-04
8.883037371560931206e-04
8.925086585804820061e-04
8.967574103735387325e-04
9.010197245515882969e-04
9.053152170963585377e-04
9.096548892557621002e-04
9.140085312537848949e-04
9.183855727314949036e-04
9.228017879649996758e-04
9.272451861761510372e-04
9.317223448306322098e-04
9.362172568216919899e-04
9.407490724697709084e-04
9.452889207750558853e-04
9.498514118604362011e-04
9.544559870846569538e-04
9.590740082785487175e-04
9.637203766033053398e-04
9.683811804279685020e-04
9.730750462040305138e-04
9.777840459719300270e-04
9.825207525864243507e-04
9.872736409306526184e-04
9.920365409925580025e-04
9.968266822397708893e-04
1.001637196168303490e-03
1.006467035040259361e-03
1.011311192996799946e-03
1.016171299852430820e-03
1.021047821268439293e-03
1.025921897962689400e-03
1.030827173963189125e-03
1.035732217133045197e-03
1.040658215060830116e-03
1.045604469254612923e-03
1.050545251928269863e-03
1.055509783327579498e-03
1.060468028299510479e-03
1.065435237251222134e-03
1.070412225089967251e-03
1.075394102372229099e-03
1.080380869098007679e-03
1.085375202819705009e-03
1.090369652956724167e-03
1.095365616492927074e-03
1.100355526432394981e-03
1.105362083762884140e-03
1.110353972762823105e-03
1.115342951379716396e-03
1.120326109230518341e-03
1.125321607105433941e-03
1.130301738157868385e-03
1.135265338234603405e-03
1.140230102464556694e-03
1.145190093666315079e-03
1.150151947513222694e-03
1.155086909420788288e-03
1.159999868832528591e-03
1.164914923720061779e-03
1.169814728200435638e-03
1.174701610580086708e-03
1.179572194814682007e-03
1.184416003525257111e-03
1.189246075227856636e-03
1.194073818624019623e-03
1.198846148326992989e-03
1.203620224259793758e-03
1.208370202220976353e-03
1.213089795783162117e-03
1.217790180817246437e-03
1.222451915964484215e-03
1.227092463523149490e-03
1.231705886311829090e-03
1.236273325048387051e-03
1.240833778865635395e-03
1.245369785465300083e-03
1.249835826456546783e-03
1.254280912689864635e-03
1.258678850717842579e-03
1.263062003999948502e-03
1.267395215108990669e-03
1.271689543500542641e-03
1.275955582968890667e-03
1.280152122490108013e-03
1.284316531382501125e-03
1.288415980525314808e-03
1.292473287321627140e-03
1.296490547247231007e-03
1.300478004850447178e-03
1.304416335187852383e-03
1.308330451138317585e-03
1.312163658440113068e-03
1.315939356572926044e-03
1.319662318564951420e-03
1.323327072896063328e-03
1.326934667304158211e-03
1.330488710664212704e-03
1.333983382210135460e-03
1.337418099865317345e-03
1.340791815891861916e-03
1.344101619906723499e-03
1.347344834357500076e-03
1.350522506982088089e-03
1.353641622699797153e-03
1.356699853204190731e-03
1.359687652438879013e-03
1.362615730613470078e-03
1.365467905998229980e-03
1.368257333524525166e-03
1.370959682390093803e-03
1.373602775856852531e-03
1.376174390316009521e-03
1.378674060106277466e-03
1.381094334647059441e-03
1.383452559821307659e-03
1.385729876346886158e-03
1.387928030453622341e-03
1.390055171214044094e-03
1.392093370668590069e-03
1.394056947901844978e-03
1.395942177623510361e-03
1.397749991156160831e-03
1.399477361701428890e-03
1.401116838678717613e-03
1.402695081196725368e-03
1.404170063324272633e-03
1.405566814355552197e-03
1.406888128258287907e-03
1.408124458976089954e-03
1.409288030117750168e-03
1.410353463143110275e-03
1.411337056197226048e-03
1.412236131727695465e-03
1.413058373145759106e-03
1.413773046806454659e-03
1.414436032064259052e-03
1.414990401826798916e-03
1.415468868799507618e-03
1.415845239534974098e-03
1.416142331436276436e-03
1.416374463587999344e-03
1.416494138538837433e-03
1.416537794284522533e-03
1.416497630998492241e-03
1.416372950188815594e-03
1.416140235960483551e-03
1.415846287272870541e-03
1.415471895597875118e-03
1.414995407685637474e-03
1.414426486007869244e-03
1.413768623024225235e-03
1.413056859746575356e-03
1.412230660207569599e-03
1.411337521858513355e-03
1.410346943885087967e-03
1.409283024258911610e-03
1.408116426318883896e-03
1.406888011842966080e-03
1.405565417371690273e-03
1.404165639542043209e-03
1.402692403644323349e-03
1.401115325279533863e-03
1.399483415298163891e-03
1.397747430019080639e-03
1.395939150825142860e-03
1.394054968841373920e-03
1.392092439346015453e-03
1.390056451782584190e-03
1.387931173667311668e-03
1.385729294270277023e-03
1.383454422466456890e-03
1.381096313707530499e-03
1.378680579364299774e-03
1.376172062009572983e-03
1.373607665300369263e-03
1.370962243527173996e-03
1.368262339383363724e-03
1.365471282042562962e-03
1.362614217214286327e-03
1.359685673378407955e-03
1.356699853204190731e-03
1.353639061562716961e-03
1.350525533780455589e-03
1.347348676063120365e-03
1.344107324257493019e-03
1.340790418907999992e-03
1.337413676083087921e-03
1.333985361270606518e-03
1.330493483692407608e-03
1.326932921074330807e-03
1.323321368545293808e-03
1.319663017056882381e-03
1.315946923568844795e-03
1.312156091444194317e-03
1.308327424339950085e-03
1.304424833506345749e-03
1.300479518249630928e-03
1.296492060646414757e-03
1.292473869398236275e-03
1.288415980525314808e-03
1.284303958527743816e-03
1.280146068893373013e-03
1.275948947295546532e-03
1.271688612177968025e-03
1.267392770387232304e-03
1.263057114556431770e-03
1.258679898455739021e-03
1.254276954568922520e-03
1.249829540029168129e-03
1.245367573574185371e-03
1.240830752067267895e-03
1.236274489201605320e-03
1.231705537065863609e-03
1.227097236551344395e-03
1.222456688992679119e-03
1.217785407789051533e-03
1.213087118230760098e-03
1.208376954309642315e-03
1.203620224259793758e-03
1.198845333419740200e-03
1.194071490317583084e-03
1.189249567687511444e-03
1.184414606541395187e-03
1.179571961984038353e-03
1.174699864350259304e-03
1.169817871414124966e-03
1.164909102953970432e-03
1.159996609203517437e-03
1.155080040916800499e-03
1.150150550529360771e-03
1.145189395174384117e-03
1.140230102464556694e-03
1.135268365032970905e-03
1.130297896452248096e-03
1.125321490690112114e-03
1.120327622629702091e-03
1.115343649871647358e-03
1.110356533899903297e-03
1.105360337533056736e-03
1.100356341339647770e-03
1.095367246307432652e-03
1.090371166355907917e-03
1.085376832634210587e-03
1.080377842299640179e-03
1.075392938219010830e-03
1.070414204150438309e-03
1.065434888005256653e-03
1.060468377545475960e-03
1.055511529557406902e-03
1.050544087775051594e-03
1.045598881319165230e-03
1.040655770339071751e-03
1.035732449963688850e-03
1.030831481330096722e-03
1.025922014378011227e-03
1.021044910885393620e-03
1.016171765513718128e-03
1.011312007904052734e-03
1.006468781270086765e-03
1.001639408059418201e-03
9.968305239453911781e-04
9.920387528836727142e-04
9.872748050838708878e-04
9.825220331549644470e-04
9.777841623872518539e-04
9.730753372423350811e-04
9.683813550509512424e-04
9.637198527343571186e-04
9.590756380930542946e-04
9.544583735987544060e-04
9.498530416749417782e-04
9.452896774746477604e-04
9.407490724697709084e-04
9.362157434225082397e-04
9.317214135080575943e-04
9.272423922084271908e-04
9.228009730577468872e-04
9.183842921629548073e-04
9.140060283243656158e-04
9.096531430259346962e-04
9.053140529431402683e-04
9.010189678519964218e-04
8.967567118816077709e-04
8.925051079131662846e-04
8.883001282811164856e-04
8.841271046549081802e-04
8.799855131655931473e-04
8.758699987083673477e-04
8.717956952750682831e-04
8.677484584040939808e-04
8.637316059321165085e-04
8.597506675869226456e-04
8.558058179914951324e-04
8.518907125107944012e-04
8.480119868181645870e-04
8.441690006293356419e-04
8.403613464906811714e-04
8.365967660211026669e-04
8.328611147589981556e-04
8.291638223454356194e-04
8.254902786575257778e-04
8.218712755478918552e-04
8.182778838090598583e-04
8.147248881869018078e-04
8.112124050967395306e-04
8.077271631918847561e-04
8.042826084420084953e-04
8.008836302906274796e-04
7.975198095664381981e-04
7.941880030557513237e-04
7.908950792625546455e-04
7.876377785578370094e-04
7.844255305826663971e-04
7.812494295649230480e-04
7.781024905852973461e-04
7.750121876597404480e-04
7.719628629274666309e-04
7.689392077736556530e-04
7.659609545953571796e-04
7.630211766809225082e-04
7.601302932016551495e-04
7.572559989057481289e-04
7.544314721599221230e-04
7.516508921980857849e-04
7.489026174880564213e-04
7.461876957677304745e-04
7.435061270371079445e-04
7.408939418382942677e-04
7.383222109638154507e-04
7.357909344136714935e-04
7.332956884056329727e-04
7.308218046091496944e-04
7.283940212801098824e-04
7.260109414346516132e-04
7.236657547764480114e-04
7.213694043457508087e-04
7.191054173745214939e-04
7.168879965320229530e-04
7.146925199776887894e-04
7.125535048544406891e-04
7.104522082954645157e-04
7.083931122906506062e-04
7.063696975819766521e-04
7.044012891128659248e-04
7.024527876637876034e-04
7.005608058534562588e-04
6.986911175772547722e-04
6.968767265789210796e-04
6.950945826247334480e-04
6.933638942427933216e-04
6.916559650562703609e-04
6.900043226778507233e-04
6.883802125230431557e-04
6.867981282994151115e-04
6.852590595372021198e-04
6.837667315267026424e-04
6.823114817962050438e-04
6.808878970332443714e-04
6.795110530219972134e-04
6.781842675991356373e-04
6.768861785531044006e-04
6.756298826076090336e-04
6.744117126800119877e-04
6.732342299073934555e-04
6.720956298522651196e-04
6.710024899803102016e-04
6.699495716020464897e-04
6.689284928143024445e-04
6.679557263851165771e-04
6.670222501270473003e-04
6.661330698989331722e-04
6.652695010416209698e-04
6.644533132202923298e-04
6.636788602918386459e-04
6.629372946918010712e-04
6.622486980631947517e-04
6.615932215936481953e-04
6.609752308577299118e-04
6.603920483030378819e-04
6.598558975383639336e-04
6.593639263883233070e-04
6.589075783267617226e-04
6.584858638234436512e-04
6.581086199730634689e-04
6.577637395821511745e-04
6.574716535396873951e-04
6.572143174707889557e-04
6.569904508069157600e-04
6.568084354512393475e-04
6.566695519722998142e-04
6.565765943378210068e-04
6.565140793099999428e-04
6.564946961589157581e-04
6.565160583704710007e-04
6.565770017914474010e-04
6.566695519722998142e-04
6.568083190359175205e-04
6.569924298673868179e-04
6.572135607711970806e-04
6.574721774086356163e-04
6.577729363925755024e-04
6.581103079952299595e-04
6.584869115613400936e-04
6.589068798348307610e-04
6.593642174266278744e-04
6.598597392439842224e-04
6.604007212445139885e-04
6.609733682125806808e-04
6.615911843255162239e-04
6.622457294724881649e-04
6.629482959397137165e-04
6.636766484007239342e-04
6.644548266194760799e-04
6.652702577412128448e-04
6.661305087618529797e-04
6.670209113508462906e-04
6.679579964838922024e-04
6.689401343464851379e-04
6.699503283016383648e-04
6.709992303512990475e-04
6.721068639308214188e-04
6.732334732078015804e-04
6.744193378835916519e-04
6.756262155249714851e-04
6.768833263777196407e-04
6.781822303310036659e-04
6.795203662477433681e-04
6.808956968598067760e-04
6.823117146268486977e-04
6.837659748271107674e-04
6.852691876702010632e-04
6.868055206723511219e-04
6.883791065774857998e-04
6.900003063492476940e-04
6.916561396792531013e-04
6.933629629202187061e-04
6.950945826247334480e-04
6.968777161091566086e-04
6.986936787143349648e-04
7.005576626397669315e-04
7.024588412605226040e-04
7.043979130685329437e-04
7.063837256282567978e-04
7.083885720930993557e-04
7.104476680979132652e-04
7.125454721972346306e-04
7.146876305341720581e-04
7.168826996348798275e-04
7.191004115156829357e-04
7.213669014163315296e-04
7.236668607220053673e-04
7.260098354890942574e-04
7.283852901309728622e-04
7.308203494176268578e-04
7.332901586778461933e-04
7.357900030910968781e-04
7.383232004940509796e-04
7.408866658806800842e-04
7.435114239342510700e-04
7.461846689693629742e-04
7.489010458812117577e-04
7.516531622968614101e-04
7.544362451881170273e-04
7.572512258775532246e-04
7.601262768730521202e-04
7.630154723301529884e-04
7.659629918634891510e-04
7.689443300478160381e-04
7.719568093307316303e-04
7.750194636173546314e-04
7.781097665429115295e-04
7.812484982423484325e-04
7.844241335988044739e-04
7.876415620557963848e-04
7.908972911536693573e-04
7.941852090880274773e-04
7.975185872055590153e-04
8.008809527382254601e-04
8.042873814702033997e-04
8.077312377281486988e-04
8.112097275443375111e-04
8.147233165800571442e-04
8.182707242667675018e-04
8.218622533604502678e-04
8.254906279034912586e-04
8.291554404422640800e-04
8.328565745614469051e-04
8.365979883819818497e-04
8.403651299886405468e-04
8.441768004558980465e-04
8.480150718241930008e-04
8.518902468495070934e-04
8.558086701668798923e-04
8.597522391937673092e-04
8.637311402708292007e-04
8.677452569827437401e-04
8.718019234947860241e-04
8.758750045672059059e-04
8.799855131655931473e-04
8.841264061629772186e-04
8.883009431883692741e-04
8.925066213123500347e-04
8.967574103735387325e-04
9.010189678519964218e-04
9.053159155882894993e-04
9.096571593545377254e-04
9.140052716247737408e-04
9.183870861306786537e-04
9.228013223037123680e-04
9.272471070289611816e-04
9.317254298366606236e-04
9.362155105918645859e-04
9.407410398125648499e-04
9.452967788092792034e-04
9.498538565821945667e-04
9.544591302983462811e-04
9.590771514922380447e-04
9.637165348976850510e-04
9.683799580670893192e-04
9.730738238431513309e-04
9.777857922017574310e-04
9.825187735259532928e-04
9.872717782855033875e-04
9.920389857143163681e-04
9.968301746994256973e-04
1.001641736365854740e-03
1.006469363346695900e-03
1.011311542242765427e-03
1.016178284771740437e-03
1.021051080897450447e-03
1.025919220410287380e-03
1.030829967930912971e-03
1.035739784128963947e-03
1.040660776197910309e-03
1.045598182827234268e-03
1.050543971359729767e-03
1.055508269928395748e-03
1.060462207533419132e-03
1.065434888005256653e-03
1.070410246029496193e-03
1.075395150110125542e-03
1.080382382497191429e-03
1.085383817553520203e-03
1.090364181436598301e-03
1.095363986678421497e-03
1.100351102650165558e-03
1.105362898670136929e-03
1.110351295210421085e-03
1.115343649871647358e-03
1.120335655286908150e-03
1.125317998230457306e-03
1.130289514549076557e-03
1.135257072746753693e-03
1.140239764936268330e-03
1.145190093666315079e-03
1.150143449194729328e-03
1.155077363364398479e-03
1.159997074864804745e-03
1.164921442978084087e-03
1.169811468571424484e-03
1.174701261334121227e-03
1.179564744234085083e-03
1.184422755613923073e-03
1.189254340715706348e-03
1.194060430862009525e-03
1.198852434754371643e-03
1.203628838993608952e-03
1.208365079946815968e-03
1.213084673509001732e-03
1.217783545143902302e-03
1.222447142936289310e-03
1.227087690494954586e-03
1.231697737239301205e-03
1.236281124874949455e-03
1.240841345861554146e-03
1.245352206751704216e-03
1.249838038347661495e-03
1.254272880032658577e-03
1.258669537492096424e-03
1.263045822270214558e-03
1.267382642254233360e-03
1.271695597097277641e-03
1.275958493351936340e-03
1.280140597373247147e-03
1.284321653656661510e-03
1.288407598622143269e-03
1.292470842599868774e-03
1.296486007049679756e-03
1.300485106185078621e-03
1.304429839365184307e-03
1.308325445279479027e-03
1.312148524448275566e-03
1.315935049206018448e-03
1.319658244028687477e-03
1.323316828347742558e-03
1.326927565969526768e-03
1.330478815361857414e-03
1.333981519564986229e-03
1.337431021966040134e-03
1.340800779871642590e-03
1.344108837656676769e-03
1.347350189462304115e-03
1.350524020381271839e-03
1.353647559881210327e-03
1.356706372462213039e-03
1.359695219434797764e-03
1.362621318548917770e-03
1.365475822240114212e-03
1.368248718790709972e-03
1.370965619571506977e-03
1.373606966808438301e-03
1.376179396174848080e-03
1.378680579364299774e-03
1.381098758429288864e-03
1.383463037200272083e-03
1.385736744850873947e-03
1.387920347042381763e-03
1.390044926665723324e-03
1.392093370668590069e-03
1.394059974700212479e-03
1.395947183482348919e-03
1.397743006236851215e-03
1.399467466399073601e-03
1.401126151904463768e-03
1.402701484039425850e-03
1.404170063324272633e-03
1.405575894750654697e-03
1.406893134117126465e-03
1.408121548593044281e-03
1.409290009178221226e-03
1.410350436344742775e-03
1.411325996741652489e-03
1.412230660207569599e-03
1.413043355569243431e-03
1.413771067745983601e-03
1.414431957527995110e-03
1.414992846548557281e-03
1.415468286722898483e-03
1.415843726135790348e-03
1.416143262758851051e-03
1.416373532265424728e-03
1.416494604200124741e-03
