1.312871696427464485e-03
1.312840497121214867e-03
1.312755048274993896e-03
1.312590087763965130e-03
1.312382169999182224e-03
1.312120934017002583e-03
1.311783096753060818e-03
1.311390427872538567e-03
1.310919877141714096e-03
1.310404739342629910e-03
1.309832325205206871e-03
1.309189945459365845e-03
1.308502978645265102e-03
1.307753263972699642e-03
1.306925551034510136e-03
1.306056743487715721e-03
1.305127982050180435e-03
1.304126461036503315e-03
1.303083496168255806e-03
1.301971031352877617e-03
1.300799311138689518e-03
1.299578929319977760e-03
1.298311981372535229e-03
1.296974602155387402e-03
1.295579015277326107e-03
1.294127083383500576e-03
1.292616827413439751e-03
1.291073276661336422e-03
1.289454754441976547e-03
1.287785475142300129e-03
1.286066486500203609e-03
1.284284749999642372e-03
1.282459474168717861e-03
1.280576805584132671e-03
1.278647221624851227e-03
1.276677823625504971e-03
1.274645910598337650e-03
1.272568013519048691e-03
1.270439242944121361e-03
1.268244697712361813e-03
1.266003004275262356e-03
1.263737212866544724e-03
1.261410652659833431e-03
1.259041368030011654e-03
1.256635412573814392e-03
1.254164730198681355e-03
1.251656212843954563e-03
1.249109394848346710e-03
1.246513682417571545e-03
1.243887702003121376e-03
1.241205842234194279e-03
1.238493481650948524e-03
1.235745265148580074e-03
1.232958864420652390e-03
1.230130088515579700e-03
1.227246131747961044e-03
1.224342617206275463e-03
1.221381127834320068e-03
1.218419638462364674e-03
1.215411815792322159e-03
1.212386181578040123e-03
1.209289999678730965e-03
1.206137822009623051e-03
1.202982617542147636e-03
1.199818216264247894e-03
1.196623197756707668e-03
1.193396747112274170e-03
1.190136652439832687e-03
1.186857465654611588e-03
1.183547195978462696e-03
1.180207356810569763e-03
1.176833058707416058e-03
1.173429656773805618e-03
1.170011935755610466e-03
1.166571164503693581e-03
1.163113396614789963e-03
1.159622333943843842e-03
1.156110898591578007e-03
1.152577577158808708e-03
1.149038551375269890e-03
1.145472982898354530e-03
1.141890883445739746e-03
1.138290623202919960e-03
1.134681748226284981e-03
1.131071359850466251e-03
1.127428724430501461e-03
1.123776077292859554e-03
1.120110624469816685e-03
1.116432598792016506e-03
1.112754107452929020e-03
1.109034754335880280e-03
1.105332863517105579e-03
1.101621426641941071e-03
1.097892411053180695e-03
1.094160135835409164e-03
1.090418430976569653e-03
1.086664851754903793e-03
1.082908944226801395e-03
1.079160952940583229e-03
1.075409934855997562e-03
1.071654027327895164e-03
1.067889505065977573e-03
1.064126729033887386e-03
1.060354872606694698e-03
1.056598965078592300e-03
1.052835490554571152e-03
1.049075392074882984e-03
1.045314013026654720e-03
1.041554147377610207e-03
1.037801848724484444e-03
1.034048269502818584e-03
1.030304119922220707e-03
1.026556710712611675e-03
1.022835378535091877e-03
1.019099494442343712e-03
1.015373156405985355e-03
1.011663116514682770e-03
1.007953891530632973e-03
1.004266552627086639e-03
1.000578980892896652e-03
9.969070088118314743e-04
9.932424873113632202e-04
9.895818075165152550e-04
9.859458077698945999e-04
9.823128348216414452e-04
9.787007002159953117e-04
9.750954341143369675e-04
9.715037303976714611e-04
9.679212234914302826e-04
9.643639787100255489e-04
9.608191903680562973e-04
9.572899434715509415e-04
9.537784499116241932e-04
9.502791799604892731e-04
9.468047064729034901e-04
9.433406521566212177e-04
9.399017435498535633e-04
9.364862926304340363e-04
9.330704924650490284e-04
9.296950302086770535e-04
9.263260290026664734e-04
9.229795541614294052e-04
9.196565952152013779e-04
9.163594804704189301e-04
9.130793623626232147e-04
9.098144364543259144e-04
9.065784397535026073e-04
9.033579262904822826e-04
9.001664584502577782e-04
8.970038616098463535e-04
8.938574464991688728e-04
8.907321025617420673e-04
8.876351057551801205e-04
8.845634292811155319e-04
8.815096225589513779e-04
8.784877718426287174e-04
8.754822774790227413e-04
8.725136867724359035e-04
8.695590076968073845e-04
8.666410576552152634e-04
8.637419086880981922e-04
8.608817588537931442e-04
8.580473950132727623e-04
8.552348590455949306e-04
8.524463046342134476e-04
8.496897644363343716e-04
8.469616877846419811e-04
8.442539838142693043e-04
8.415795746259391308e-04
8.389270515181124210e-04
8.363188826479017735e-04
8.337313192896544933e-04
8.311700657941401005e-04
8.286300580948591232e-04
8.261267794296145439e-04
8.236591820605099201e-04
8.212170796468853951e-04
8.187947096303105354e-04
8.164052851498126984e-04
8.140454883687198162e-04
8.117419783957302570e-04
8.094802615232765675e-04
8.072227938100695610e-04
8.049776079133152962e-04
8.027640869840979576e-04
8.005842682905495167e-04
7.984515395946800709e-04
7.963704993017017841e-04
7.943033124320209026e-04
7.922563818283379078e-04
7.902391953393816948e-04
7.882670615799725056e-04
7.863230421207845211e-04
7.844200590625405312e-04
7.825317443348467350e-04
7.806844660080969334e-04
7.788630318827927113e-04
7.770805386826395988e-04
7.753208628855645657e-04
7.735968683846294880e-04
7.719193818047642708e-04
7.702620932832360268e-04
7.686426979489624500e-04
7.670457125641405582e-04
7.654836517758667469e-04
7.639697287231683731e-04
7.624713471159338951e-04
7.610108004882931709e-04
7.595804636366665363e-04
7.581856334581971169e-04
7.568288128823041916e-04
7.555050542578101158e-04
7.542117964476346970e-04
7.529446738772094250e-04
7.517210324294865131e-04
7.505284156650304794e-04
7.493608281947672367e-04
7.482343353331089020e-04
7.471329881809651852e-04
7.460784981958568096e-04
7.450511329807341099e-04
7.440485642291605473e-04
7.431028061546385288e-04
7.421692716889083385e-04
7.412722334265708923e-04
7.404200150631368160e-04
7.395833381451666355e-04
7.387929945252835751e-04
7.380372844636440277e-04
7.373093394562602043e-04
7.366191130131483078e-04
7.359597948379814625e-04
7.353351684287190437e-04
7.347454666160047054e-04
7.341881864704191685e-04
7.336621638387441635e-04
7.331774104386568069e-04
7.327257771976292133e-04
7.322978926822543144e-04
7.319116848520934582e-04
7.315539987757802010e-04
7.312336238101124763e-04
7.309514330700039864e-04
7.306928164325654507e-04
7.304784376174211502e-04
7.302887388505041599e-04
7.301287841983139515e-04
7.300099241547286510e-04
7.299379212781786919e-04
7.298794807866215706e-04
7.298655691556632519e-04
7.298792479559779167e-04
7.299378048628568649e-04
7.300099823623895645e-04
7.301292498596012592e-04
7.302900776267051697e-04
7.304772734642028809e-04
7.306940970011055470e-04
7.309414795599877834e-04
7.312338566407561302e-04
7.315546972677111626e-04
7.319119176827371120e-04
7.322994060814380646e-04
7.327150669880211353e-04
7.331798551604151726e-04
7.336638518609106541e-04
7.341897580772638321e-04
7.347485516220331192e-04
7.353356340900063515e-04
7.359630544669926167e-04
7.366089848801493645e-04
7.373159169219434261e-04
7.380382739938795567e-04
7.387943915091454983e-04
7.395848515443503857e-04
7.404137868434190750e-04
7.412738632410764694e-04
7.421694463118910789e-04
7.430909899994730949e-04
7.440508925355970860e-04
7.450453122146427631e-04
7.460776832886040211e-04
7.471371791325509548e-04
7.482386427000164986e-04
7.493607117794454098e-04
7.505179964937269688e-04
7.517223712056875229e-04
7.529471185989677906e-04
7.542034145444631577e-04
7.554977783001959324e-04
7.568282890133559704e-04
7.581912796013057232e-04
7.595759234391152859e-04
7.610128377564251423e-04
7.624764111824333668e-04
7.639674586243927479e-04
7.654859800823032856e-04
7.670465274713933468e-04
7.686394965276122093e-04
7.702697766944766045e-04
7.719169370830059052e-04
7.735994877293705940e-04
7.753253448754549026e-04
7.770849624648690224e-04
7.788710645399987698e-04
7.806923240423202515e-04
7.825375651009380817e-04
7.844265201129019260e-04
7.863265927881002426e-04
7.882707286626100540e-04
7.902458892203867435e-04
7.922549266368150711e-04
7.943119853734970093e-04
7.963800453580915928e-04
7.984616677276790142e-04
8.005865383893251419e-04
8.027653675526380539e-04
8.049776079133152962e-04
8.072160999290645123e-04
8.094686199910938740e-04
8.117468096315860748e-04
8.140539866872131824e-04
8.164100581780076027e-04
8.187962230294942856e-04
8.212156826630234718e-04
8.236541179940104485e-04
8.261318434961140156e-04
8.286338415928184986e-04
8.311629644595086575e-04
8.337239851243793964e-04
8.363123633898794651e-04
8.389315917156636715e-04
8.415743941441178322e-04
8.442503167316317558e-04
8.469596505165100098e-04
8.496929076500236988e-04
8.524434524588286877e-04
8.552345097996294498e-04
8.580465218983590603e-04
8.608842617832124233e-04
8.637509308755397797e-04
8.666483336128294468e-04
8.695611613802611828e-04
8.725130464881658554e-04
8.754822774790227413e-04
8.784846286289393902e-04
8.815039764158427715e-04
8.845567354001104832e-04
8.876264910213649273e-04
8.907270384952425957e-04
8.938564569689333439e-04
8.969990303739905357e-04
9.001627913676202297e-04
9.033667156472802162e-04
9.065804188139736652e-04
9.098149603232741356e-04
9.130738326348364353e-04
9.163536597043275833e-04
9.196550818160176277e-04
9.229797287844121456e-04
9.263305109925568104e-04
9.296907228417694569e-04
9.330720640718936920e-04
9.364885627292096615e-04
9.399098926223814487e-04
9.433420491404831409e-04
9.468027856200933456e-04
9.502787142992019653e-04
9.537832229398190975e-04
9.572934941388666630e-04
9.608257096260786057e-04
9.643664234317839146e-04
9.679191862232983112e-04
9.715032065287232399e-04
9.750929893925786018e-04
9.786970913410186768e-04
9.823186555877327919e-04
9.859445272013545036e-04
9.895775001496076584e-04
9.932421380653977394e-04
9.969054954126477242e-04
1.000577467493712902e-03
1.004257355816662312e-03
1.007958548143506050e-03
1.011661137454211712e-03
1.015372574329376221e-03
1.019094721414148808e-03
1.022827462293207645e-03
1.026558456942439079e-03
1.030304934829473495e-03
1.034042448736727238e-03
1.037792768329381943e-03
1.041552633978426456e-03
1.045309705659747124e-03
1.049072598107159138e-03
1.052834442816674709e-03
1.056598848663270473e-03
1.060358947142958641e-03
1.064115785993635654e-03
1.067883567884564400e-03
1.071640755981206894e-03
1.075412263162434101e-03
1.079170615412294865e-03
1.082918839529156685e-03
1.086675096303224564e-03
1.090426347218453884e-03
1.094156061299145222e-03
1.097879954613745213e-03
1.101620146073400974e-03
1.105336705222725868e-03
1.109039061702787876e-03
1.112732570618391037e-03
1.116422237828373909e-03
1.120109925977885723e-03
1.123779918998479843e-03
1.127427909523248672e-03
1.131062512286007404e-03
1.134684192948043346e-03
1.138296443969011307e-03
1.141891931183636189e-03
1.145467744208872318e-03
1.149029820226132870e-03
1.152584562078118324e-03
1.156099839136004448e-03
1.159612205810844898e-03
1.163109904155135155e-03
1.166576752439141273e-03
1.170020084828138351e-03
1.173443975858390331e-03
1.176837482489645481e-03
1.180205261334776878e-03
1.183542190119624138e-03
1.186855952255427837e-03
1.190138165839016438e-03
1.193389645777642727e-03
1.196620170958340168e-03
1.199819380417466164e-03
1.202989136800169945e-03
1.206154003739356995e-03
1.209277077578008175e-03
1.212369999848306179e-03
1.215416355989873409e-03
1.218419638462364674e-03
1.221380895003676414e-03
1.224328181706368923e-03
1.227259286679327488e-03
1.230124849826097488e-03
1.232956070452928543e-03
1.235759002156555653e-03
1.238502794876694679e-03
1.241209218278527260e-03
1.243897830136120319e-03
1.246523461304605007e-03
1.249111955985426903e-03
1.251666340976953506e-03
1.254168571904301643e-03
1.256625284440815449e-03
1.259031938388943672e-03
1.261400873772799969e-03
1.263726968318223953e-03
1.266000559553503990e-03
1.268243184313178062e-03
1.270430744625627995e-03
1.272561843506991863e-03
1.274644164368510246e-03
1.276673050597310066e-03
1.278657349757850170e-03
1.280575990676879883e-03
1.282456214539706707e-03
1.284281723201274872e-03
1.286060316488146782e-03
1.287776860408484936e-03
1.289449399337172508e-03
1.291065127588808537e-03
1.292632310651242733e-03
1.294140121899545193e-03
1.295580528676509857e-03
1.296972041018307209e-03
1.298311981372535229e-03
1.299593131989240646e-03
1.300816074945032597e-03
1.301973476074635983e-03
1.303087570704519749e-03
1.304136705584824085e-03
1.305120997130870819e-03
1.306056743487715721e-03
1.306928577832877636e-03
1.307752798311412334e-03
1.308507518842816353e-03
1.309201586991548538e-03
1.309833256527781487e-03
1.310420338995754719e-03
1.310920692048966885e-03
1.311388798058032990e-03
1.311778556555509567e-03
1.312117790803313255e-03
1.312376814894378185e-03
1.312597189098596573e-03
1.312758075073361397e-03
1.312845852226018906e-03
1.312873209826648235e-03
1.312842359766364098e-03
1.312757725827395916e-03
1.312590902671217918e-03
1.312380656599998474e-03
1.312118605710566044e-03
1.311778323724865913e-03
1.311385771259665489e-03
1.310921390540897846e-03
1.310419174842536449e-03
1.309830229729413986e-03
1.309203566052019596e-03
1.308503793552517891e-03
1.307751168496906757e-03
1.306924968957901001e-03
1.306055695749819279e-03
1.305120997130870819e-03
1.304128090851008892e-03
1.303088036365807056e-03
1.301967538893222809e-03
1.300813513807952404e-03
1.299590105190873146e-03
1.298313494771718979e-03
1.296973088756203651e-03
1.295576919801533222e-03
1.294136629439890385e-03
1.292632659897208214e-03
1.291066175326704979e-03
1.289453706704080105e-03
1.287776394747197628e-03
1.286060898564755917e-03
1.284279162064194679e-03
1.282455981709063053e-03
1.280578318983316422e-03
1.278655021451413631e-03
1.276669208891689777e-03
1.274642418138682842e-03
1.272559864446520805e-03
1.270427601411938667e-03
1.268235733732581139e-03
1.265999511815607548e-03
1.263729063794016838e-03
1.261406810954213142e-03
1.259036595001816750e-03
1.256629591807723045e-03
1.254166010767221451e-03
1.251662499271333218e-03
1.249113120138645172e-03
1.246521715074777603e-03
1.243887702003121376e-03
1.241211197338998318e-03
1.238504890352487564e-03
1.235761796124279499e-03
1.232958864420652390e-03
1.230127061717212200e-03
1.227257773280143738e-03
1.224328181706368923e-03
1.221381127834320068e-03
1.218410790897905827e-03
1.215417636558413506e-03
1.212370581924915314e-03
1.209287554956972599e-03
1.206162385642528534e-03
1.202988903969526291e-03
1.199818681925535202e-03
1.196620636619627476e-03
1.193389645777642727e-03
1.190136652439832687e-03
1.186850946396589279e-03
1.183543703518807888e-03
1.180211547762155533e-03
1.176835270598530769e-03
1.173441531136631966e-03
1.170017523691058159e-03
1.166574889793992043e-03
1.163110951893031597e-03
1.159614766947925091e-03
1.156104146502912045e-03
1.152585144154727459e-03
1.149032614193856716e-03
1.145471236668527126e-03
1.141897984780371189e-03
1.138300052843987942e-03
1.134690595790743828e-03
1.131058903411030769e-03
1.127429539337754250e-03
1.123782363720238209e-03
1.120112952776253223e-03
1.116422237828373909e-03
1.112731057219207287e-03
1.109040575101971626e-03
1.105335191823542118e-03
1.101623405702412128e-03
1.097880187444388866e-03
1.094156061299145222e-03
1.090420992113649845e-03
1.086669042706489563e-03
1.082916860468685627e-03
1.079164794646203518e-03
1.075406442396342754e-03
1.071645761840045452e-03
1.067884033545851707e-03
1.064118114300072193e-03
1.060358714312314987e-03
1.056594774127006531e-03
1.052832813002169132e-03
1.049073878675699234e-03
1.045308075845241547e-03
1.041553332470357418e-03
1.037789392285048962e-03
1.034043030813336372e-03
1.030306098982691765e-03
1.026557409204542637e-03
1.022830256260931492e-03
1.019094488583505154e-03
1.015372341498732567e-03
1.011666492559015751e-03
1.007960061542689800e-03
1.004261663183569908e-03
1.000577467493712902e-03
9.969075908884406090e-04
9.932405082508921623e-04
9.895802941173315048e-04
9.859399870038032532e-04
9.823127184063196182e-04
9.786987211555242538e-04
9.750948520377278328e-04
9.715032065287232399e-04
9.679179638624191284e-04
9.643637458793818951e-04
9.608244872651994228e-04
9.572905255481600761e-04
9.537813602946698666e-04
9.502811008132994175e-04
9.468042408116161823e-04
9.433430386707186699e-04
9.399090195074677467e-04
9.364844881929457188e-04
9.330710163339972496e-04
9.296880452893674374e-04
9.263300453312695026e-04
9.229810675606131554e-04
9.196550818160176277e-04
9.163536597043275833e-04
9.130745311267673969e-04
9.098142036236822605e-04
9.065774502232670784e-04
9.033633978106081486e-04
9.001647704280912876e-04
8.969994378276169300e-04
8.938551764003932476e-04
8.907269220799207687e-04
8.876282372511923313e-04
8.845584234222769737e-04
8.815096225589513779e-04
8.784860838204622269e-04
8.754835580475628376e-04
8.725128718651831150e-04
8.695595315657556057e-04
8.666478679515421391e-04
8.637527935206890106e-04
8.608868229202926159e-04
8.580514695495367050e-04
8.552360231988132000e-04
8.524485165253281593e-04
8.496934315189719200e-04
8.469616877846419811e-04
8.442532271146774292e-04
8.415792253799736500e-04
8.389306603930890560e-04
8.363117813132703304e-04
8.337227045558393002e-04
8.311649435199797153e-04
8.286343654617667198e-04
8.261318434961140156e-04
8.236548746936023235e-04
8.212171960622072220e-04
8.187981438823044300e-04
8.164099417626857758e-04
8.140542777255177498e-04
8.117495453916490078e-04
8.094737422652542591e-04
8.072187774814665318e-04
8.049776079133152962e-04
8.027653675526380539e-04
8.005865383893251419e-04
7.984566036611795425e-04
7.963770767673850060e-04
7.943116943351924419e-04
7.922544609755277634e-04
7.902462966740131378e-04
7.882663048803806305e-04
7.863273494876921177e-04
7.844233768992125988e-04
7.825380889698863029e-04
7.806872599758207798e-04
7.788695511408150196e-04
7.770872907713055611e-04
7.753255777060985565e-04
7.736023399047553539e-04
7.719184504821896553e-04
7.702684379182755947e-04
7.686389144510030746e-04
7.670479826629161835e-04
7.654884830117225647e-04
7.639692630618810654e-04
7.624756544828414917e-04
7.610134198330342770e-04
7.595756324008107185e-04
7.581889512948691845e-04
7.568272994831204414e-04
7.554949843324720860e-04
7.541993982158601284e-04
7.529468275606632233e-04
7.517240592278540134e-04
7.505204994231462479e-04
7.493615848943591118e-04
7.482386427000164986e-04
7.471388671547174454e-04
7.460792548954486847e-04
7.450493285432457924e-04
7.440498447977006435e-04
7.430923869833350182e-04
7.421704358421266079e-04
7.412735722027719021e-04
7.404141360893845558e-04
7.395881693810224533e-04
7.387943915091454983e-04
7.380400784313678741e-04
7.373151602223515511e-04
7.366132922470569611e-04
7.359590381383895874e-04
7.353293476626276970e-04
7.347477367147803307e-04
7.341856835409998894e-04
7.336616399697959423e-04
7.331771194003522396e-04
7.327133207581937313e-04
7.322984747588634491e-04
7.319104042835533619e-04
7.315527182072401047e-04
7.312315283343195915e-04
7.309407810680568218e-04
7.306932820938527584e-04
7.304770406335592270e-04
7.302896119654178619e-04
7.301267469301819801e-04
7.300089346244931221e-04
7.299366989172995090e-04
7.298782584257423878e-04
7.298660348169505596e-04
7.298794807866215706e-04
7.299380376935005188e-04
7.300106226466596127e-04
7.301310542970895767e-04
7.302893209271132946e-04
7.304800674319267273e-04
7.306935731321573257e-04
7.309538777917623520e-04
7.312338566407561302e-04
7.315533002838492393e-04
7.319083670154213905e-04
7.322981837205588818e-04
7.327239727601408958e-04
7.331786327995359898e-04
7.336598937399685383e-04
7.341864402405917645e-04
7.347467471845448017e-04
7.353316177614033222e-04
7.359582232311367989e-04
7.366175414063036442e-04
7.373123080469667912e-04
7.380372262559831142e-04
7.387897931039333344e-04
7.395840948447585106e-04
7.404224597848951817e-04
7.412712438963353634e-04
7.421671180054545403e-04
7.431028061546385288e-04
7.440465851686894894e-04
7.450468256138265133e-04
7.460769265890121460e-04
7.471352582797408104e-04
7.482340442948043346e-04
7.493608281947672367e-04
7.505289395339787006e-04
7.517194026149809361e-04
7.529442664235830307e-04
7.542087696492671967e-04
7.555030751973390579e-04
7.568239234387874603e-04
7.581843528896570206e-04
7.595781353302299976e-04
7.610097527503967285e-04
7.624682039022445679e-04
7.639672257937490940e-04
7.654839428141713142e-04
7.670485065318644047e-04
7.686450262553989887e-04
7.702634320594370365e-04
7.719182758592069149e-04
7.735944236628711224e-04
7.753202808089554310e-04
7.770803640596568584e-04
7.788641960360109806e-04
7.806861540302634239e-04
7.825354114174842834e-04
7.844208157621324062e-04
7.863172213546931744e-04
7.882627542130649090e-04
7.902385550551116467e-04
7.922562654130160809e-04
7.943034870550036430e-04
7.963656098581850529e-04
7.984492694959044456e-04
8.005842682905495167e-04
8.027653675526380539e-04
8.049768512137234211e-04
8.072255877777934074e-04
8.094867225736379623e-04
8.117473335005342960e-04
8.140476420521736145e-04
8.164076716639101505e-04
8.187961066141724586e-04
8.212146349251270294e-04
8.236634894274175167e-04
8.261307957582175732e-04
8.286325610242784023e-04
8.311721030622720718e-04
8.337338222190737724e-04
8.363181259483098984e-04
8.389290887862443924e-04
8.415803313255310059e-04
8.442546240985393524e-04
8.469638414680957794e-04
8.496924419887363911e-04
8.524487493559718132e-04
8.552364888601005077e-04
8.580515859648585320e-04
8.608860662207007408e-04
8.637431310489773750e-04
8.666425128467381001e-04
8.695579599589109421e-04
8.725121733732521534e-04
8.754794253036379814e-04
8.784883539192378521e-04
8.815103792585432529e-04
8.845661068335175514e-04
8.876333013176918030e-04
8.907326264306902885e-04
8.938574464991688728e-04
8.970018243417143822e-04
9.001645958051085472e-04
9.033575188368558884e-04
9.065811755135655403e-04
9.098131558857858181e-04
9.130801190622150898e-04
9.163583163172006607e-04
9.196571190841495991e-04
9.229807765223085880e-04
9.263249812647700310e-04
9.296938660554587841e-04
9.330703760497272015e-04
9.364872821606695652e-04
9.399031987413764000e-04
9.433422819711267948e-04
9.468042408116161823e-04
9.502827306278049946e-04
9.537805453874170780e-04
9.572910494171082973e-04
9.608163964003324509e-04
9.643624071031808853e-04
9.679227368906140327e-04
9.715007618069648743e-04
9.750950848683714867e-04
9.786986047402024269e-04
9.823128348216414452e-04
9.859405690804123878e-04
9.895790135487914085e-04
9.932366665452718735e-04
9.969054954126477242e-04
1.000577467493712902e-03
1.004261663183569908e-03
1.007956219837069511e-03
1.011663116514682770e-03
1.015370595268905163e-03
1.019100775010883808e-03
1.022834563627839088e-03
1.026555895805358887e-03
1.030303188599646091e-03
1.034047571010887623e-03
1.037797075696289539e-03
1.041553565301001072e-03
1.045312732458114624e-03
1.049072016030550003e-03
1.052834908477962017e-03
1.056596287526190281e-03
1.060353126376867294e-03
1.064123469404876232e-03
1.067886943928897381e-03
1.071652164682745934e-03
1.075409934855997562e-03
1.079165260307490826e-03
1.082913717254996300e-03
1.086667994968593121e-03
1.090417150408029556e-03
1.094160368666052818e-03
1.097894157283008099e-03
1.101620146073400974e-03
1.105332863517105579e-03
1.109034754335880280e-03
1.112751197069883347e-03
1.116427476517856121e-03
1.120109925977885723e-03
1.123778522014617920e-03
1.127431751228868961e-03
1.131072058342397213e-03
1.134687801823019981e-03
1.138297957368195057e-03
1.141893677413463593e-03
1.145479851402342319e-03
1.149036921560764313e-03
1.152583048678934574e-03
1.156114158220589161e-03
1.159623847343027592e-03
1.163113163784146309e-03
1.166574074886739254e-03
1.170014962553977966e-03
1.173434662632644176e-03
1.176832476630806923e-03
1.180208870209753513e-03
1.183553016744554043e-03
1.186861074529588223e-03
1.190133043564856052e-03
1.193396281450986862e-03
1.196620054543018341e-03
1.199815422296524048e-03
1.202983898110687733e-03
1.206147135235369205e-03
1.209293841384351254e-03
1.212385017424821854e-03
1.215417636558413506e-03
1.218423480167984962e-03
1.221376820467412472e-03
1.224337611347436905e-03
1.227252185344696045e-03
1.230136258527636528e-03
1.232961425557732582e-03
1.235748059116303921e-03
1.238497556187212467e-03
1.241205143742263317e-03
1.243880717083811760e-03
1.246513682417571545e-03
1.249104854650795460e-03
1.251651439815759659e-03
1.254163100384175777e-03
1.256632385775446892e-03
1.259039388969540596e-03
1.261409255675971508e-03
1.263733836822211742e-03
1.265999977476894855e-03
1.268242136575281620e-03
1.270436681807041168e-03
1.272560330107808113e-03
1.274647423997521400e-03
1.276677823625504971e-03
1.278647221624851227e-03
1.280577504076063633e-03
1.282457960769534111e-03
1.284285332076251507e-03
1.286064973101019859e-03
1.287780934944748878e-03
1.289453008212149143e-03
1.291070249862968922e-03
1.292618457227945328e-03
1.294124056585133076e-03
1.295580994337797165e-03
1.296971458941698074e-03
1.298311981372535229e-03
1.299575902521610260e-03
1.300799311138689518e-03
1.301969517953693867e-03
1.303088036365807056e-03
1.304134144447743893e-03
1.305126119405031204e-03
1.306052203290164471e-03
1.306924037635326385e-03
1.307751750573515892e-03
1.308502047322690487e-03
1.309188897721469402e-03
1.309829764068126678e-03
1.310405205003917217e-03
1.310918363742530346e-03
1.311389030888676643e-03
1.311775995418429375e-03
1.312117907218635082e-03
1.312374952249228954e-03
1.312588574364781380e-03
1.312755863182246685e-03
1.312841195613145828e-03
