8.963030995801091194e-04
8.963121799752116203e-04
8.963379659689962864e-04
8.963657892309129238e-04
8.964244625531136990e-04
8.964930893853306770e-04
8.965756860561668873e-04
8.966767927631735802e-04
8.967804023995995522e-04
8.969042100943624973e-04
8.970597409643232822e-04
8.972004288807511330e-04
8.973912335932254791e-04
8.975838427431881428e-04
8.977802935987710953e-04
8.979884441941976547e-04
8.982295403257012367e-04
8.984789601527154446e-04
8.987412438727915287e-04
8.990000351332128048e-04
8.993012597784399986e-04
8.996047545224428177e-04
8.999342098832130432e-04
9.002733277156949043e-04
9.006183827295899391e-04
9.009690256789326668e-04
9.013495291583240032e-04
9.017618140205740929e-04
9.021682199090719223e-04
9.025797480717301369e-04
9.030214860104024410e-04
9.034719550982117653e-04
9.039314463734626770e-04
9.044093312695622444e-04
9.049063082784414291e-04
9.054219699464738369e-04
9.059461299329996109e-04
9.064802434295415878e-04
9.070289670489728451e-04
9.075925336219370365e-04
9.081732132472097874e-04
9.087716462090611458e-04
9.093785192817449570e-04
9.099970920942723751e-04
9.106370271183550358e-04
9.112797561101615429e-04
9.119437891058623791e-04
9.126195800490677357e-04
9.133086423389613628e-04
9.140101610682904720e-04
9.147270466201007366e-04
9.154544677585363388e-04
9.161974303424358368e-04
9.169513941742479801e-04
9.177212486974895000e-04
9.184990776702761650e-04
9.192927973344922066e-04
9.200969943776726723e-04
9.209153940901160240e-04
9.217436308972537518e-04
9.225878166034817696e-04
9.234419558197259903e-04
9.243068634532392025e-04
9.251841111108660698e-04
9.260748629458248615e-04
9.269760921597480774e-04
9.278902434743940830e-04
9.288132423534989357e-04
9.297506185248494148e-04
9.306977153755724430e-04
9.316560463048517704e-04
9.326231665909290314e-04
9.336040820926427841e-04
9.345958242192864418e-04
9.355962392874062061e-04
9.366062586195766926e-04
9.376256493851542473e-04
9.386609308421611786e-04
9.397039539180696011e-04
9.407433681190013885e-04
9.418150293640792370e-04
9.428798221051692963e-04
9.439680143259465694e-04
9.450425277464091778e-04
9.461506851948797703e-04
9.472529054619371891e-04
9.483568719588220119e-04
9.494807454757392406e-04
9.506153874099254608e-04
9.517680155113339424e-04
9.529005037620663643e-04
9.540650062263011932e-04
9.552341070957481861e-04
9.564203210175037384e-04
9.575966978445649147e-04
9.587853564880788326e-04
9.599763434380292892e-04
9.611771674826741219e-04
9.623942896723747253e-04
9.636121103540062904e-04
9.648455888964235783e-04
9.660770301707088947e-04
9.673186577856540680e-04
9.685593540780246258e-04
9.698129142634570599e-04
9.710725280456244946e-04
9.723324328660964966e-04
9.736008360050618649e-04
9.748807642608880997e-04
9.761608089320361614e-04
9.775036014616489410e-04
9.787944145500659943e-04
9.800849948078393936e-04
9.813910583034157753e-04
9.826876921579241753e-04
9.839924750849604607e-04
9.853035444393754005e-04
9.866185719147324562e-04
9.879359276965260506e-04
9.892601519823074341e-04
9.905843762680888176e-04
9.919086005538702011e-04
9.932349203154444695e-04
9.945683414116501808e-04
9.959019953384995461e-04
9.972375119104981422e-04
9.985719807446002960e-04
9.999133180826902390e-04
1.001255121082067490e-03
1.002601697109639645e-03
1.003936165943741798e-03
1.005281112156808376e-03
1.006626640446484089e-03
1.007966347970068455e-03
1.009303727187216282e-03
1.010645530186593533e-03
1.011990010738372803e-03
1.013339962810277939e-03
1.014674198813736439e-03
1.016015768982470036e-03
1.017358386889100075e-03
1.018690993078052998e-03
1.020030467770993710e-03
1.021370408125221729e-03
1.022697775624692440e-03
1.024024793878197670e-03
1.025359728373587132e-03
1.026681624352931976e-03
1.028000609949231148e-03
1.029317383654415607e-03
1.030638813972473145e-03
1.031944644637405872e-03
1.033253851346671581e-03
1.034557819366455078e-03
1.035853056237101555e-03
1.037149224430322647e-03
1.038432703353464603e-03
1.039720140397548676e-03
1.040996517986059189e-03
1.042267889715731144e-03
1.043531927280128002e-03
1.044794102199375629e-03
1.046051038429141045e-03
1.047297846525907516e-03
1.048537553288042545e-03
1.049771090038120747e-03
1.051000552251935005e-03
1.052217674441635609e-03
1.053429907187819481e-03
1.054630964063107967e-03
1.055829809047281742e-03
1.057016779668629169e-03
1.058196183294057846e-03
1.059367437846958637e-03
1.060529844835400581e-03
1.061682589352130890e-03
1.062825787812471390e-03
1.063962350599467754e-03
1.065085642039775848e-03
1.066197175532579422e-03
1.067305216565728188e-03
1.068399171344935894e-03
1.069481833837926388e-03
1.070554251782596111e-03
1.071617705747485161e-03
1.072668819688260555e-03
1.073707593604922295e-03
1.074735075235366821e-03
1.075750449672341347e-03
1.076757675036787987e-03
1.077746739611029625e-03
1.078729517757892609e-03
1.079695764929056168e-03
1.080653280951082706e-03
1.081592170521616936e-03
1.082524773664772511e-03
1.083439216017723083e-03
1.084339688532054424e-03
1.085228635929524899e-03
1.086102332919836044e-03
1.086966833099722862e-03
1.087812939658761024e-03
1.088645891286432743e-03
1.089459401555359364e-03
1.090265810489654541e-03
1.091054873540997505e-03
1.091825542971491814e-03
1.092584105208516121e-03
1.093329279683530331e-03
1.094059203751385212e-03
1.094772596843540668e-03
1.095469109714031219e-03
1.096150139346718788e-03
1.096811727620661259e-03
1.097465166822075844e-03
1.098097302019596100e-03
1.098711043596267700e-03
1.099309301935136318e-03
1.099893357604742050e-03
1.100465538911521435e-03
1.101012807339429855e-03
1.101541914977133274e-03
1.102068112231791019e-03
1.102564390748739243e-03
1.103046699427068233e-03
1.103517715819180012e-03
1.103955088183283806e-03
1.104393508285284042e-03
1.104810391552746296e-03
1.105198869481682777e-03
1.105596311390399933e-03
1.105929841287434101e-03
1.106285490095615387e-03
1.106599345803260803e-03
1.106917625293135643e-03
1.107190735638141632e-03
1.107497490011155605e-03
1.107716700062155724e-03
1.107961405068635941e-03
1.108184806071221828e-03
1.108377473428845406e-03
1.108551747165620327e-03
1.108718919567763805e-03
1.108864787966012955e-03
1.108978874981403351e-03
1.109097152948379517e-03
1.109138946048915386e-03
1.109215430915355682e-03
1.109272940084338188e-03
1.109286677092313766e-03
1.109314267523586750e-03
1.109285862185060978e-03
1.109299017116427422e-03
1.109205186367034912e-03
1.109136850573122501e-03
1.109074801206588745e-03
1.108962576836347580e-03
1.108861644752323627e-03
1.108699711039662361e-03
1.108559896238148212e-03
1.108363270759582520e-03
1.108175609260797501e-03
1.108002150431275368e-03
1.107707736082375050e-03
1.107456977479159832e-03
1.107199932448565960e-03
1.106917625293135643e-03
1.106608542613685131e-03
1.106272335164248943e-03
1.105929608456790447e-03
1.105576055124402046e-03
1.105204923078417778e-03
1.104810391552746296e-03
1.104395370930433273e-03
1.103962189517915249e-03
1.103510381653904915e-03
1.103043556213378906e-03
1.102565438486635685e-03
1.102061825804412365e-03
1.101547968573868275e-03
1.101009896956384182e-03
1.100464491173624992e-03
1.099894638173282146e-03
1.099313492886722088e-03
1.098709995858371258e-03
1.098092063330113888e-03
1.097460160963237286e-03
1.096812775358557701e-03
1.096148858778178692e-03
1.095463056117296219e-03
1.094772829674184322e-03
1.094059203751385212e-03
1.093329279683530331e-03
1.092584105208516121e-03
1.091825542971491814e-03
1.091053825803101063e-03
1.090265810489654541e-03
1.089460449293255806e-03
1.088644843548536301e-03
1.087812939658761024e-03
1.086965785361826420e-03
1.086102332919836044e-03
1.085228635929524899e-03
1.084339688532054424e-03
1.083439216017723083e-03
1.082522911019623280e-03
1.081593218259513378e-03
1.080653280951082706e-03
1.079696812666952610e-03
1.078730565495789051e-03
1.077748602256178856e-03
1.076756860129535198e-03
1.075755688361823559e-03
1.074736122973263264e-03
1.073709689080715179e-03
1.072668819688260555e-03
1.071618753485381603e-03
1.070556347258388996e-03
1.069483929313719273e-03
1.068398123607039452e-03
1.067305216565728188e-03
1.066198805347084999e-03
1.065087039023637772e-03
1.063959090970456600e-03
1.062825554981827736e-03
1.061682822182774544e-03
1.060528680682182312e-03
1.059366506524384022e-03
1.058196998201310635e-03
1.057016663253307343e-03
1.055828644894063473e-03
1.054631895385682583e-03
1.053428859449923038e-03
1.052216626703739166e-03
1.050997525453567505e-03
1.049771090038120747e-03
1.048536505550146103e-03
1.047294819727540016e-03
1.046051038429141045e-03
1.044794102199375629e-03
1.043535070493817329e-03
1.042269752360880375e-03
1.040995470248162746e-03
1.039720140397548676e-03
1.038436661474406719e-03
1.037149224430322647e-03
1.035850495100021362e-03
1.034556771628558636e-03
1.033251755870878696e-03
1.031944295391440392e-03
1.030636718496680260e-03
1.029320643283426762e-03
1.028000377118587494e-03
1.026685815304517746e-03
1.025361358188092709e-03
1.024026889353990555e-03
1.022699521854519844e-03
1.021366799250245094e-03
1.020032679662108421e-03
1.018692855723202229e-03
1.017363159917294979e-03
1.016019145026803017e-03
1.014673151075839996e-03
1.013337052427232265e-03
1.011996064335107803e-03
1.010647392831742764e-03
1.009307918138802052e-03
1.007962157018482685e-03
1.006624544970691204e-03
1.005280064418911934e-03
1.003940356895327568e-03
1.002604840323328972e-03
1.001249882392585278e-03
9.999135509133338928e-04
9.985719807446002960e-04
9.972375119104981422e-04
9.959019953384995461e-04
9.945675265043973923e-04
9.932349203154444695e-04
9.919096482917666435e-04
9.905854240059852600e-04
9.892572415992617607e-04
9.879296412691473961e-04
9.866185719147324562e-04
9.853035444393754005e-04
9.839914273470640182e-04
9.826845489442348480e-04
9.813850047066807747e-04
9.800849948078393936e-04
9.787983726710081100e-04
9.775036014616489410e-04
9.761551627889275551e-04
9.748806478455662727e-04
9.736012434586882591e-04
9.723411640152335167e-04
9.710768936201930046e-04
9.698155918158590794e-04
9.685604600235819817e-04
9.673137101344764233e-04
9.660783107392489910e-04
9.648421546444296837e-04
9.636218892410397530e-04
9.623969672247767448e-04
9.611855493858456612e-04
9.599816985428333282e-04
9.587951353751122952e-04
9.575908188708126545e-04
9.563993662595748901e-04
9.552333503961563110e-04
9.540736791677772999e-04
9.529051021672785282e-04
9.517475264146924019e-04
9.506127098575234413e-04
9.494920959696173668e-04
9.483578032813966274e-04
9.472414967603981495e-04
9.461438166908919811e-04
9.450422949157655239e-04
9.439586428925395012e-04
9.428859339095652103e-04
9.417975670658051968e-04
9.407473844476044178e-04
9.397041285410523415e-04
9.386532474309206009e-04
9.376247762702405453e-04
9.366109152324497700e-04
9.355964139103889465e-04
9.345963480882346630e-04
9.336078073829412460e-04
9.326257859356701374e-04
9.316573268733918667e-04
9.306964930146932602e-04
9.297488140873610973e-04
9.288144065067172050e-04
9.278905927203595638e-04
9.269769070670008659e-04
9.260768420062959194e-04
9.251851006411015987e-04
9.243084350600838661e-04
9.234406752511858940e-04
9.225874091498553753e-04
9.217447950504720211e-04
9.209135314449667931e-04
9.200990316458046436e-04
9.192922734655439854e-04
9.185014641843736172e-04
9.177181636914610863e-04
9.169518016278743744e-04
9.161991183646023273e-04
9.154572035185992718e-04
9.147277451120316982e-04
9.140124893747270107e-04
9.133112616837024689e-04
9.126223740167915821e-04
9.119471651501953602e-04
9.112837142311036587e-04
9.106344659812748432e-04
9.099990711547434330e-04
9.093757253140211105e-04
9.087690268643200397e-04
9.081735042855143547e-04
9.075918351300060749e-04
9.070324013009667397e-04
9.064759942702949047e-04
9.059403673745691776e-04
9.054144029505550861e-04
9.049155050888657570e-04
9.044071775861084461e-04
9.039299911819398403e-04
9.034620015881955624e-04
9.030174114741384983e-04
9.025696199387311935e-04
9.021555888466536999e-04
9.017543052323162556e-04
9.013568633235991001e-04
9.009771747514605522e-04
9.006097097881138325e-04
9.002581355161964893e-04
8.999350247904658318e-04
8.996218093670904636e-04
8.993126102723181248e-04
8.990054484456777573e-04
8.987428154796361923e-04
8.984674350358545780e-04
8.982153376564383507e-04
8.979940321296453476e-04
8.977761026471853256e-04
8.975848904810845852e-04
8.973918156698346138e-04
8.972201030701398849e-04
8.970574126578867435e-04
8.969157934188842773e-04
8.967788890004158020e-04
8.966742898337543011e-04
8.965772576630115509e-04
8.964939042925834656e-04
8.964157896116375923e-04
8.963611908257007599e-04
8.963350555859506130e-04
8.963103755377233028e-04
8.963046711869537830e-04
8.963075233623385429e-04
8.963377913460135460e-04
8.963677100837230682e-04
8.964261505752801895e-04
8.964961743913590908e-04
8.965766173787415028e-04
8.966778405010700226e-04
8.967760950326919556e-04
8.969201589934527874e-04
8.970592753030359745e-04
8.972220239229500294e-04
8.973950170911848545e-04
8.975862874649465084e-04
8.977686520665884018e-04
8.979997364804148674e-04
8.982201688922941685e-04
8.984822197817265987e-04
8.987467736005783081e-04
8.990074275061488152e-04
8.993229712359607220e-04
8.996234973892569542e-04
8.999457932077348232e-04
9.002781589515507221e-04
9.006171021610498428e-04
9.010009234771132469e-04
9.013622766360640526e-04
9.017652482725679874e-04
9.021589648909866810e-04
9.025807958096265793e-04
9.030227083712816238e-04
9.034688700921833515e-04
9.039411088451743126e-04
9.044129983521997929e-04
9.049204527400434017e-04
9.054242400452494621e-04
9.059441508725285530e-04
9.064815239980816841e-04
9.070344385690987110e-04
9.075967827811837196e-04
9.081766474992036819e-04
9.087713551707565784e-04
9.093804401345551014e-04
9.099999442696571350e-04
9.106390061788260937e-04
9.112876723520457745e-04
9.119493188336491585e-04
9.126270306296646595e-04
9.133135899901390076e-04
9.140143520198762417e-04
9.147287346422672272e-04
9.154573781415820122e-04
9.161999914795160294e-04
9.169519762508571148e-04
9.177195606753230095e-04
9.185011149384081364e-04
9.192929719574749470e-04
9.200979839079082012e-04
9.209135896526277065e-04
9.217457263730466366e-04
9.225852554664015770e-04
9.234410827048122883e-04
9.243106469511985779e-04
9.251853334717452526e-04
9.260762017220258713e-04
9.269771398976445198e-04
9.278907673433423042e-04
9.288152214139699936e-04
9.297459619119763374e-04
9.306916617788374424e-04
9.316568612121045589e-04
9.326250292360782623e-04
9.336061193607747555e-04
9.345959988422691822e-04
9.355901856906712055e-04
9.366062586195766926e-04
9.376127854920923710e-04
9.386372403241693974e-04
9.397020912729203701e-04
9.407351026311516762e-04
9.417957044206559658e-04
9.428799385204911232e-04
9.439537534490227699e-04
9.450432844460010529e-04
9.461313602514564991e-04
9.472292149439454079e-04
9.483651374466717243e-04
9.494795813225209713e-04
9.506085771135985851e-04
9.517443832010030746e-04
9.528945665806531906e-04
9.540687315165996552e-04
9.552332921884953976e-04
9.563982603140175343e-04
9.575918666087090969e-04
9.587894310243427753e-04
9.599847253412008286e-04
9.611817658878862858e-04
9.623963269405066967e-04
9.636224131099879742e-04
9.648464038036763668e-04
9.660746436566114426e-04
9.673153399489820004e-04
9.685616823844611645e-04
9.698212961666285992e-04
9.710751473903656006e-04
9.723398252390325069e-04
9.736057836562395096e-04
9.748818702064454556e-04
9.761573746800422668e-04
9.775036014616489410e-04
9.787973249331116676e-04
9.800849948078393936e-04
9.813847718760371208e-04
9.826887398958206177e-04
9.839924750849604607e-04
9.853066876530647278e-04
9.866185719147324562e-04
9.879338322207331657e-04
9.892580565065145493e-04
9.905843762680888176e-04
9.919086005538702011e-04
9.932359680533409119e-04
9.945725323632359505e-04
9.959049057215452194e-04
9.972404222935438156e-04
9.985751239582896233e-04
9.999175090342760086e-04
1.001254306174814701e-03
1.002601115033030510e-03
1.003938959911465645e-03
1.005281112156808376e-03
1.006622449494898319e-03
1.007963204756379128e-03
1.009305822663009167e-03
1.010646345093846321e-03
1.011993153952062130e-03
1.013337634503841400e-03
1.014673151075839996e-03
1.016016816720366478e-03
1.017366652376949787e-03
1.018688897602260113e-03
1.020026509650051594e-03
1.021366799250245094e-03
1.022696611471474171e-03
1.024030032567679882e-03
1.025357632897794247e-03
1.026682206429541111e-03
1.027995371259748936e-03
1.029319246299564838e-03
1.030636369250714779e-03
1.031941734254360199e-03
1.033247215673327446e-03
1.034559682011604309e-03
1.035849913023412228e-03
1.037143985740840435e-03
1.038436661474406719e-03
1.039721188135445118e-03
1.040995121002197266e-03
1.042270800098776817e-03
1.043534022755920887e-03
1.044794102199375629e-03
1.046051038429141045e-03
1.047297846525907516e-03
1.048537553288042545e-03
1.049774116836488247e-03
1.050996826961636543e-03
1.052216626703739166e-03
1.053428975865244865e-03
1.054630847647786140e-03
1.055829809047281742e-03
1.057015499100089073e-03
1.058196183294057846e-03
1.059365458786487579e-03
1.060529844835400581e-03
1.061682938598096371e-03
1.062827883288264275e-03
1.063960138708353043e-03
1.065087737515568733e-03
1.066199154593050480e-03
1.067304401658475399e-03
1.068397075869143009e-03
1.069481833837926388e-03
1.070555299520492554e-03
1.071617705747485161e-03
1.072668819688260555e-03
1.073709689080715179e-03
1.074735075235366821e-03
1.075754640623927116e-03
1.076757675036787987e-03
1.077747787348926067e-03
1.078729517757892609e-03
1.079696812666952610e-03
1.080652233213186264e-03
1.081592985428869724e-03
1.082523958757519722e-03
1.083439448848366737e-03
1.084339688532054424e-03
1.085227588191628456e-03
1.086103380657732487e-03
1.086965785361826420e-03
1.087813987396657467e-03
1.088643795810639858e-03
1.089460449293255806e-03
1.090258709155023098e-03
1.091053825803101063e-03
1.091826590709388256e-03
1.092584105208516121e-03
1.093328231945633888e-03
1.094060251489281654e-03
1.094772596843540668e-03
1.095462008379399776e-03
1.096149091608822346e-03
1.096812775358557701e-03
1.097462023608386517e-03
1.098097069188952446e-03
1.098709995858371258e-03
1.099309301935136318e-03
1.099894638173282146e-03
1.100464491173624992e-03
1.101009896956384182e-03
1.101546105928719044e-03
1.102060778066515923e-03
1.102563575841486454e-03
1.103043556213378906e-03
1.103509566746652126e-03
1.103955088183283806e-03
1.104387221857905388e-03
1.104811206459999084e-03
1.105197588913142681e-03
1.105570816434919834e-03
1.105929608456790447e-03
1.106288400478661060e-03
1.106600393541157246e-03
1.106914482079446316e-03
1.107210176996886730e-03
1.107472227886319160e-03
1.107705640606582165e-03
1.107952208258211613e-03
1.108176656998693943e-03
1.108361990191042423e-03
1.108552794903516769e-03
1.108683180063962936e-03
1.108892145566642284e-03
1.109000178985297680e-03
1.109101111069321632e-03
1.109142089262604713e-03
1.109210192225873470e-03
1.109283766709268093e-03
1.109281671233475208e-03
1.109310309402644634e-03
1.109284814447164536e-03
1.109307166188955307e-03
1.109197037294507027e-03
1.109146047383546829e-03
1.109103206545114517e-03
1.108986674807965755e-03
1.108875847421586514e-03
1.108715776354074478e-03
1.108564087189733982e-03
1.108376425690948963e-03
1.108196331188082695e-03
1.107963500544428825e-03
1.107719843275845051e-03
1.107492484152317047e-03
1.107200630940496922e-03
1.106919720768928528e-03
1.106602489016950130e-03
1.106298645026981831e-03
1.105926698073744774e-03
1.105578965507447720e-03
1.105192583054304123e-03
1.104801194742321968e-03
1.104387221857905388e-03
1.103950897231698036e-03
1.103513524867594242e-03
1.103042508475482464e-03
1.102563575841486454e-03
1.102066831663250923e-03
1.101546105928719044e-03
1.101016998291015625e-03
1.100464491173624992e-03
1.099893590435385704e-03
1.099313492886722088e-03
1.098711043596267700e-03
1.098092063330113888e-03
1.097465981729328632e-03
1.096811727620661259e-03
1.096150139346718788e-03
1.095464918762445450e-03
1.094771781936287880e-03
1.094058156013488770e-03
1.093328231945633888e-03
1.092583057470619678e-03
1.091825542971491814e-03
1.091054873540997505e-03
1.090265810489654541e-03
1.089459401555359364e-03
1.088643795810639858e-03
1.087812939658761024e-03
1.086965785361826420e-03
1.086103380657732487e-03
1.085227588191628456e-03
1.084337593056261539e-03
1.083439216017723083e-03
1.082518720068037510e-03
1.081591122783720493e-03
1.080650137737393379e-03
1.079696812666952610e-03
1.078726374544203281e-03
1.077745691873133183e-03
1.076757675036787987e-03
1.075751497410237789e-03
1.074734260328114033e-03
1.073708641342818737e-03
1.072667771950364113e-03
1.071617705747485161e-03
1.070554251782596111e-03
1.069482881575822830e-03
1.068399171344935894e-03
1.067303819581866264e-03
1.066197757609188557e-03
1.065082498826086521e-03
1.063961419276893139e-03
1.062828698195517063e-03
1.061682822182774544e-03
1.060529728420078754e-03
1.059365342371165752e-03
1.058196881785988808e-03
1.057015382684767246e-03
1.055830740369856358e-03
1.054630847647786140e-03
1.053428859449923038e-03
1.052217674441635609e-03
1.050999388098716736e-03
1.049770042300224304e-03
1.048537553288042545e-03
1.047297730110585690e-03
1.046051038429141045e-03
1.044794102199375629e-03
1.043532975018024445e-03
1.042270800098776817e-03
1.040995470248162746e-03
1.039720140397548676e-03
1.038431306369602680e-03
1.037146081216633320e-03
1.035850960761308670e-03
1.034557819366455078e-03
1.033253036439418793e-03
1.031946390867233276e-03
1.030639046803116798e-03
1.029319013468921185e-03
1.027998863719403744e-03
1.026682555675506592e-03
1.025362173095345497e-03
1.024024910293519497e-03
1.022700453177094460e-03
1.021370873786509037e-03
1.020027557387948036e-03
1.018689130432903767e-03
1.017358619719743729e-03
1.016016001813113689e-03
1.014673151075839996e-03
1.013337634503841400e-03
1.011992106214165688e-03
1.010647392831742764e-03
1.009307685308158398e-03
1.007965067401528358e-03
1.006625592708587646e-03
1.005279831588268280e-03
1.003936165943741798e-03
1.002601697109639645e-03
1.001255121082067490e-03
9.999145986512303352e-04
9.985769866034388542e-04
9.972393745556473732e-04
9.959028102457523346e-04
9.945683414116501808e-04
9.932349203154444695e-04
9.919109288603067398e-04
9.905856568366289139e-04
9.892611997202038765e-04
9.879356948658823967e-04
9.866206673905253410e-04
9.853045921772718430e-04
9.839924750849604607e-04
9.826887398958206177e-04
9.813897777348756790e-04
9.800879051908850670e-04
9.787973249331116676e-04
9.775046491995453835e-04
9.761603432707488537e-04
9.748800657689571381e-04
9.736018255352973938e-04
9.723355760797858238e-04
9.710740414448082447e-04
9.698165231384336948e-04
9.685612749308347702e-04
9.673171443864703178e-04
9.660793584771454334e-04
9.648525156080722809e-04
9.636168251745402813e-04
9.623951627872884274e-04
9.611874120309948921e-04
9.599835611879825592e-04
9.587869863025844097e-04
9.575971052981913090e-04
9.564309148117899895e-04
9.552362025715410709e-04
9.540637838654220104e-04
9.528963710181415081e-04
9.517608559690415859e-04
9.506122441962361336e-04
9.494728292338550091e-04
9.483536705374717712e-04
9.472410893067717552e-04
9.461391018703579903e-04
9.450262296013534069e-04
9.439501445740461349e-04
9.428769117221236229e-04
9.418103145435452461e-04
9.407513425685465336e-04
9.397041867487132549e-04
9.386555757373571396e-04
9.376277448609471321e-04
9.366057929582893848e-04
9.355961810797452927e-04
9.345908183604478836e-04
9.336021612398326397e-04
9.326233994215726852e-04
9.316570358350872993e-04
9.306966094300150871e-04
9.297509677708148956e-04
9.288139990530908108e-04
9.278912912122905254e-04
9.269752772524952888e-04
9.260742226615548134e-04
9.251839946955442429e-04
9.243073873221874237e-04
9.234416647814214230e-04
9.225865360349416733e-04
9.217452025040984154e-04
9.209163836203515530e-04
9.200972272083163261e-04
9.192927973344922066e-04
9.184999507851898670e-04
9.177210158668458462e-04
9.169538388960063457e-04
9.161980706267058849e-04
9.154547587968409061e-04
9.147277451120316982e-04
9.140111505985260010e-04
9.133098064921796322e-04
9.126216173171997070e-04
9.119444875977933407e-04
9.112820844165980816e-04
9.106368524953722954e-04
9.100001771003007889e-04
9.093809057958424091e-04
9.087750804610550404e-04
9.081743191927671432e-04
9.075949201360344887e-04
9.070336818695068359e-04
9.064811747521162033e-04
9.059486328624188900e-04
9.054200490936636925e-04
9.049033978953957558e-04
9.044103790074586868e-04
9.039305732585489750e-04
9.034659597091376781e-04
9.030227083712816238e-04
9.025844628922641277e-04
9.021784644573926926e-04
9.017584961839020252e-04
9.013473754748702049e-04
9.009793284349143505e-04
9.006155887618660927e-04
9.002776350826025009e-04
8.999327546916902065e-04
8.996111573651432991e-04
8.993101073428988457e-04
8.990190108306705952e-04
8.987510227598249912e-04
8.984867599792778492e-04
8.982224389910697937e-04
8.979992708191275597e-04
8.977742400020360947e-04
8.975855889730155468e-04
8.973941439762711525e-04
8.972071809694170952e-04
8.970585186034440994e-04
8.969045011326670647e-04
8.967708563432097435e-04
8.966769091784954071e-04
8.965738234110176563e-04
8.964932058006525040e-04
8.964136941358447075e-04
8.963603759184479713e-04
8.963352302089333534e-04
8.963017025962471962e-04
