1.104298629797995090e-03
1.104287686757743359e-03
1.104268478229641914e-03
1.104208175092935562e-03
1.104147871956229210e-03
1.104096299968659878e-03
1.103981863707304001e-03
1.103872316889464855e-03
1.103731105104088783e-03
1.103564864024519920e-03
1.103412709198892117e-03
1.103225164115428925e-03
1.103030052036046982e-03
1.102806301787495613e-03
1.102547277696430683e-03
1.102298847399652004e-03
1.102036330848932266e-03
1.101732836104929447e-03
1.101439003832638264e-03
1.101106172427535057e-03
1.100743887946009636e-03
1.100379973649978638e-03
1.100028399378061295e-03
1.099621062166988850e-03
1.099206972867250443e-03
1.098776585422456264e-03
1.098323962651193142e-03
1.097896252758800983e-03
1.097408472560346127e-03
1.096907421015202999e-03
1.096400199458003044e-03
1.095866668038070202e-03
1.095326966606080532e-03
1.094765611924231052e-03
1.094189821742475033e-03
1.093614031560719013e-03
1.093013212084770203e-03
1.092388993129134178e-03
1.091750455088913441e-03
1.091101206839084625e-03
1.090434961952269077e-03
1.089760567992925644e-03
1.089067896828055382e-03
1.088358345441520214e-03
1.087639247998595238e-03
1.086897216737270355e-03
1.086146687157452106e-03
1.085385563783347607e-03
1.084604766219854355e-03
1.083811046555638313e-03
1.083007664419710636e-03
1.082187518477439880e-03
1.081355032511055470e-03
1.080512884072959423e-03
1.079654088243842125e-03
1.078783185221254826e-03
1.077901571989059448e-03
1.077002962119877338e-03
1.076094689778983593e-03
1.075173262506723404e-03
1.074240775778889656e-03
1.073298975825309753e-03
1.072341226972639561e-03
1.071373932063579559e-03
1.070394646376371384e-03
1.069405814632773399e-03
1.068407087586820126e-03
1.067394157871603966e-03
1.066374941729009151e-03
1.065345131792128086e-03
1.064299722202122211e-03
1.063248026184737682e-03
1.062186667695641518e-03
1.061116112396121025e-03
1.060036709532141685e-03
1.058946363627910614e-03
1.057850429788231850e-03
1.056742155924439430e-03
1.055625616572797298e-03
1.054502907209098339e-03
1.053370651789009571e-03
1.052225008606910706e-03
1.051077037118375301e-03
1.049920800141990185e-03
1.048762118443846703e-03
1.047587371431291103e-03
1.046407036483287811e-03
1.045225071720778942e-03
1.044036354869604111e-03
1.042842748574912548e-03
1.041619339957833290e-03
1.040415605530142784e-03
1.039207098074257374e-03
1.037990674376487732e-03
1.036762027069926262e-03
1.035534427501261234e-03
1.034292741678655148e-03
1.033044420182704926e-03
1.031800988130271435e-03
1.030562561936676502e-03
1.029324717819690704e-03
1.028055441565811634e-03
1.026792102493345737e-03
1.025539706461131573e-03
1.024274970404803753e-03
1.023010001517832279e-03
1.021741190925240517e-03
1.020461670123040676e-03
1.019189250655472279e-03
1.017920672893524170e-03
1.016641966998577118e-03
1.015365123748779297e-03
1.014078501611948013e-03
1.012812484987080097e-03
1.011529471725225449e-03
1.010235864669084549e-03
1.008952851407229900e-03
1.007677521556615829e-03
1.006396254524588585e-03
1.005110680125653744e-03
1.003839308395981789e-03
1.002558507025241852e-03
1.001269207336008549e-03
9.999914327636361122e-04
9.987131925299763680e-04
9.974408894777297974e-04
9.961680043488740921e-04
9.948849910870194435e-04
9.936130372807383537e-04
9.923548204824328423e-04
9.910772787407040596e-04
9.898184798657894135e-04
9.885650360956788063e-04
9.873004164546728134e-04
9.860435966402292252e-04
9.847901528701186180e-04
9.835443925112485886e-04
9.823153959587216377e-04
9.810607880353927612e-04
9.798286482691764832e-04
9.785948786884546280e-04
9.773642523214221001e-04
9.761166875250637531e-04
9.749017190188169479e-04
9.736879728734493256e-04
9.724791161715984344e-04
9.712802129797637463e-04
9.700779919512569904e-04
9.688878199085593224e-04
9.677018388174474239e-04
9.665280813351273537e-04
9.653469896875321865e-04
9.641863871365785599e-04
9.630275890231132507e-04
9.618684416636824608e-04
9.607259416952729225e-04
9.595812880434095860e-04
9.584496146999299526e-04
9.573194547556340694e-04
9.562100167386233807e-04
9.550933027639985085e-04
9.540005121380090714e-04
9.529184317216277122e-04
9.518269798718392849e-04
9.507520589977502823e-04
9.496810380369424820e-04
9.486252092756330967e-04
9.475644328631460667e-04
9.465321199968457222e-04
9.454929386265575886e-04
9.444723837077617645e-04
9.434605017304420471e-04
9.424501913599669933e-04
9.414546075277030468e-04
9.404678712598979473e-04
9.394878870807588100e-04
9.385236771777272224e-04
9.375647059641778469e-04
9.366135345771908760e-04
9.356733644381165504e-04
9.347490849904716015e-04
9.338319650851190090e-04
9.329253225587308407e-04
9.320266544818878174e-04
9.311422472819685936e-04
9.302645921707153320e-04
9.294015471823513508e-04
9.285492124035954475e-04
9.277092176489531994e-04
9.268766734749078751e-04
9.260573424398899078e-04
9.252531453967094421e-04
9.244566899724304676e-04
9.236713522113859653e-04
9.229013812728226185e-04
9.221411310136318207e-04
9.213913581334054470e-04
9.206564282067120075e-04
9.199387277476489544e-04
9.192241705022752285e-04
9.185367380268871784e-04
9.178456966765224934e-04
9.171743295155465603e-04
9.165153605863451958e-04
9.158740867860615253e-04
9.152388665825128555e-04
9.146241936832666397e-04
9.140041074715554714e-04
9.134170250035822392e-04
9.128292440436780453e-04
9.122702758759260178e-04
9.117128211073577404e-04
9.111795225180685520e-04
9.106333018280565739e-04
9.101397590711712837e-04
9.096277062781155109e-04
9.091419051401317120e-04
9.086712379939854145e-04
9.082028991542756557e-04
9.077693102881312370e-04
9.073361870832741261e-04
9.069070219993591309e-04
9.065084159374237061e-04
9.061124292202293873e-04
9.057380375452339649e-04
9.053779649548232555e-04
9.050248772837221622e-04
9.046862833201885223e-04
9.043589234352111816e-04
9.040618315339088440e-04
9.037622949108481407e-04
9.034764952957630157e-04
9.032242232933640480e-04
9.029646171256899834e-04
9.027327760122716427e-04
9.024999453686177731e-04
9.023081511259078979e-04
9.021035511977970600e-04
9.019299759529531002e-04
9.017555858008563519e-04
9.016028488986194134e-04
9.014680981636047363e-04
9.013500530272722244e-04
9.012367227114737034e-04
9.011490619741380215e-04
9.010644280351698399e-04
9.009863715618848801e-04
9.009304339997470379e-04
9.009169298224151134e-04
9.008841589093208313e-04
9.008796769194304943e-04
9.008825873024761677e-04
9.009194327518343925e-04
9.009377099573612213e-04
9.009818313643336296e-04
9.010621579363942146e-04
9.011487709358334541e-04
9.012388181872665882e-04
9.013418457470834255e-04
9.014643146656453609e-04
9.016086696647107601e-04
9.017598349601030350e-04
9.019263670779764652e-04
9.020928409881889820e-04
9.022895828820765018e-04
9.025009931065142155e-04
9.027280029840767384e-04
9.029671782627701759e-04
9.032186353579163551e-04
9.034764370881021023e-04
9.037554846145212650e-04
9.040600270964205265e-04
9.043599711731076241e-04
9.046906488947570324e-04
9.050205699168145657e-04
9.053673129528760910e-04
9.057389106601476669e-04
9.061134769581258297e-04
9.065062040463089943e-04
9.069056832231581211e-04
9.073180262930691242e-04
9.077612194232642651e-04
9.081989992409944534e-04
9.086679201573133469e-04
9.091473184525966644e-04
9.096296853385865688e-04
9.101288160309195518e-04
9.106447687372565269e-04
9.111643303185701370e-04
9.117166046053171158e-04
9.122830815613269806e-04
9.128391975536942482e-04
9.134032297879457474e-04
9.140035836026072502e-04
9.146245429292321205e-04
9.152421844191849232e-04
9.158657048828899860e-04
9.165294468402862549e-04
9.171751444227993488e-04
9.178529144264757633e-04
9.185296948999166489e-04
9.192272555083036423e-04
9.199380874633789062e-04
9.206598042510449886e-04
9.213963639922440052e-04
9.221401414833962917e-04
9.229024872183799744e-04
9.236732148565351963e-04
9.244560496881604195e-04
9.252526797354221344e-04
9.260607184842228889e-04
9.268767316825687885e-04
9.277097415179014206e-04
9.285501437261700630e-04
9.294016635976731777e-04
9.302647085860371590e-04
9.311405010521411896e-04
9.320281678810715675e-04
9.329219465143978596e-04
9.338309173472225666e-04
9.347490849904716015e-04
9.356777882203459740e-04
9.366166195832192898e-04
9.375648223794996738e-04
9.385215234942734241e-04
9.394864318892359734e-04
9.404681622982025146e-04
9.414547821506857872e-04
9.424470481462776661e-04
9.434577659703791142e-04
9.444715105928480625e-04
9.454952669329941273e-04
9.465270559303462505e-04
9.475669357925653458e-04
9.486219496466219425e-04
9.496817365288734436e-04
9.507458889856934547e-04
9.518263977952301502e-04
9.529220988042652607e-04
9.540042956359684467e-04
9.551050607115030289e-04
9.562188060954213142e-04
9.573335410095751286e-04
9.584573563188314438e-04
9.595880983397364616e-04
9.607261163182556629e-04
9.618669864721596241e-04
9.630288113839924335e-04
9.641809156164526939e-04
9.653490851633250713e-04
9.665220277383923531e-04
9.677003254182636738e-04
9.688900317996740341e-04
9.700800874270498753e-04
9.712842293083667755e-04
9.724769042804837227e-04
9.736872161738574505e-04
9.749006712809205055e-04
9.761176770552992821e-04
9.773653000593185425e-04
9.786013979464769363e-04
9.798302780836820602e-04
9.810583433136343956e-04
9.823180735111236572e-04
9.835548698902130127e-04
9.847909677773714066e-04
9.860433638095855713e-04
9.873008821159601212e-04
9.885574690997600555e-04
9.898187126964330673e-04
9.910966036841273308e-04
9.923515608534216881e-04
9.936108253896236420e-04
9.948923252522945404e-04
9.961621835827827454e-04
9.974421700462698936e-04
9.987117955461144447e-04
9.999943431466817856e-04
1.001265947706997395e-03
1.002566656097769737e-03
1.003843615762889385e-03
1.005118014290928841e-03
1.006383798085153103e-03
1.007676473818719387e-03
1.008957740850746632e-03
1.010238658636808395e-03
1.011516316793859005e-03
1.012807013466954231e-03
1.014085020869970322e-03
1.015372341498732567e-03
1.016635098494589329e-03
1.017913687974214554e-03
1.019190065562725067e-03
1.020465046167373657e-03
1.021738280542194843e-03
1.023013610392808914e-03
1.024280092678964138e-03
1.025535515509545803e-03
1.026789541356265545e-03
1.028054743073880672e-03
1.029304345138370991e-03
1.030564773827791214e-03
1.031812280416488647e-03
1.033060369081795216e-03
1.034298911690711975e-03
1.035531982779502869e-03
1.036757021211087704e-03
1.037965877912938595e-03
1.039211521856486797e-03
1.040421426296234131e-03
1.041626208461821079e-03
1.042823423631489277e-03
1.044018543325364590e-03
1.045225188136100769e-03
1.046408200636506081e-03
1.047581434249877930e-03
1.048749894835054874e-03
1.049920800141990185e-03
1.051078317686915398e-03
1.052225008606910706e-03
1.053360756486654282e-03
1.054492080584168434e-03
1.055626664310693741e-03
1.056736335158348083e-03
1.057844259776175022e-03
1.058945315890014172e-03
1.060032984241843224e-03
1.061117160134017467e-03
1.062188064679503441e-03
1.063248142600059509e-03
1.064302050508558750e-03
1.065341522917151451e-03
1.066372613422572613e-03
1.067396486178040504e-03
1.068406039848923683e-03
1.069406862370669842e-03
1.070397091098129749e-03
1.071373932063579559e-03
1.072343555279076099e-03
1.073296414688229561e-03
1.074240775778889656e-03
1.075174310244619846e-03
1.076096086762845516e-03
1.077004009857773781e-03
1.077899127267301083e-03
1.078783185221254826e-03
1.079654088243842125e-03
1.080511952750384808e-03
1.081358524970710278e-03
1.082192058674991131e-03
1.083007548004388809e-03
1.083813607692718506e-03
1.084606163203716278e-03
1.085386611521244049e-03
1.086149131879210472e-03
1.086899545043706894e-03
1.087635639123618603e-03
1.088356017135083675e-03
1.089063007384538651e-03
1.089760451577603817e-03
1.090434961952269077e-03
1.091098762117326260e-03
1.091754180379211903e-03
1.092384103685617447e-03
1.093003433197736740e-03
1.093609142117202282e-03
1.094205537810921669e-03
1.094767940230667591e-03
1.095328130759298801e-03
1.095860498026013374e-03
1.096391701139509678e-03
1.096894033253192902e-03
1.097402535378932953e-03
1.097875763662159443e-03
1.098344335332512856e-03
1.098804641515016556e-03
1.099204411730170250e-03
1.099628396332263947e-03
1.100021181628108025e-03
1.100402791053056717e-03
1.100765191949903965e-03
1.101093133911490440e-03
1.101431786082684994e-03
1.101735164411365986e-03
1.102030510082840919e-03
1.102295471355319023e-03
1.102553098462522030e-03
1.102813170291483402e-03
1.103026675991714001e-03
1.103224116377532482e-03
1.103424117900431156e-03
1.103590009734034538e-03
1.103719114325940609e-03
1.103869406506419182e-03
1.103984890505671501e-03
1.104088849388062954e-03
1.104149385355412960e-03
1.104205846786499023e-03
1.104270806536078453e-03
1.104292110539972782e-03
1.104303053580224514e-03
1.104286406189203262e-03
1.104276976548135281e-03
1.104209455661475658e-03
1.104147871956229210e-03
1.104089082218706608e-03
1.103991293348371983e-03
1.103873248212039471e-03
1.103719929233193398e-03
1.103594899177551270e-03
1.103413291275501251e-03
1.103245420381426811e-03
1.103019458241760731e-03
1.102813286706805229e-03
1.102554146200418472e-03
1.102308626286685467e-03
1.102037145756185055e-03
1.101735397242009640e-03
1.101439003832638264e-03
1.101094414480030537e-03
1.100764260627329350e-03
1.100409775972366333e-03
1.100019901059567928e-03
1.099632005207240582e-03
1.099210348911583424e-03
1.098797190934419632e-03
1.098342007026076317e-03
1.097881817258894444e-03
1.097404863685369492e-03
1.096903812140226364e-03
1.096395310014486313e-03
1.095870160497725010e-03
1.095329294912517071e-03
1.094768173061311245e-03
1.094210310839116573e-03
1.093615312129259109e-03
1.093005761504173279e-03
1.092380494810640812e-03
1.091754180379211903e-03
1.091097597964107990e-03
1.090436242520809174e-03
1.089760451577603817e-03
1.089068013243377209e-03
1.088356017135083675e-03
1.087634358555078506e-03
1.086899545043706894e-03
1.086151576600968838e-03
1.085387775674462318e-03
1.084606046788394451e-03
1.083813607692718506e-03
1.083007548004388809e-03
1.082189730368554592e-03
1.081359805539250374e-03
1.080512884072959423e-03
1.079654204659163952e-03
1.078784465789794922e-03
1.077900175005197525e-03
1.077004009857773781e-03
1.076094689778983593e-03
1.075174310244619846e-03
1.074242056347429752e-03
1.073297695256769657e-03
1.072343555279076099e-03
1.071375212632119656e-03
1.070395810529589653e-03
1.069405814632773399e-03
1.068405923433601856e-03
1.067396486178040504e-03
1.066373777575790882e-03
1.065342803485691547e-03
1.064300653524696827e-03
1.063246745616197586e-03
1.062190276570618153e-03
1.061116112396121025e-03
1.060035312548279762e-03
1.058944035321474075e-03
1.057843095622956753e-03
1.056737266480922699e-03
1.055624336004257202e-03
1.054493128322064877e-03
1.053360872901976109e-03
1.052225008606910706e-03
1.051078317686915398e-03
1.049918239004909992e-03
1.048751175403594971e-03
1.047580502927303314e-03
1.046407036483287811e-03
1.045221812091767788e-03
1.044025528244674206e-03
1.042814925312995911e-03
1.041626208461821079e-03
1.040422823280096054e-03
1.039209892041981220e-03
1.037963898852467537e-03
1.036759582348167896e-03
1.035534427501261234e-03
1.034297165460884571e-03
1.033054897561669350e-03
1.031811232678592205e-03
1.030561164952814579e-03
1.029307954013347626e-03
1.028056605719029903e-03
1.026788260787725449e-03
1.025535864755511284e-03
1.024277764372527599e-03
1.023013144731521606e-03
1.021742355078458786e-03
1.020461437292397022e-03
1.019195537082850933e-03
1.017912640236318111e-03
1.016635564155876637e-03
1.015370013192296028e-03
1.014080247841775417e-03
1.012811553664505482e-03
1.011518645100295544e-03
1.010238542221486568e-03
1.008960534818470478e-03
1.007677055895328522e-03
1.006393809802830219e-03
1.005110796540975571e-03
1.003840356133878231e-03
1.002563047222793102e-03
1.001268858090043068e-03
9.999949252232909203e-04
9.987155208364129066e-04
9.974451968446373940e-04
9.961653267964720726e-04
9.948929073289036751e-04
9.936132701113820076e-04
9.923526085913181305e-04
9.910891531035304070e-04
9.898215066641569138e-04
9.885646868497133255e-04
9.872979717329144478e-04
9.860472055152058601e-04
9.847932960838079453e-04
9.835525415837764740e-04
9.823138825595378876e-04
9.810629999265074730e-04
9.798262035474181175e-04
9.786018636077642441e-04
9.773627389222383499e-04
9.761166875250637531e-04
9.748998563736677170e-04
9.736861684359610081e-04
9.724754490889608860e-04
9.712791652418673038e-04
9.700827067717909813e-04
9.688905556686222553e-04
9.677003836259245872e-04
9.665270918048918247e-04
9.653418092057108879e-04
9.641799842938780785e-04
9.630250278860330582e-04
9.618612239137291908e-04
9.607223910279572010e-04
9.595841402187943459e-04
9.584562503732740879e-04
9.573264978826045990e-04
9.562178747728466988e-04
9.551063994877040386e-04
9.540017344988882542e-04
9.529168601147830486e-04
9.518259903416037560e-04
9.507388458587229252e-04
9.496795246377587318e-04
9.486219496466219425e-04
9.475651895627379417e-04
9.465283947065472603e-04
9.454901446588337421e-04
9.444678435102105141e-04
9.434584062546491623e-04
9.424420422874391079e-04
9.414551896043121815e-04
9.404690936207771301e-04
9.394871303811669350e-04
9.385245502926409245e-04
9.375635418109595776e-04
9.366153390146791935e-04
9.356766822747886181e-04
9.347472805529832840e-04
9.338318486697971821e-04
9.329222957603633404e-04
9.320276440121233463e-04
9.311405592598021030e-04
9.302643593400716782e-04
9.294034680351614952e-04
9.285504929721355438e-04
9.277098579332232475e-04
9.268767316825687885e-04
9.260581573471426964e-04
9.252529125660657883e-04
9.244565153494477272e-04
9.236746700480580330e-04
9.229015558958053589e-04
9.221414802595973015e-04
9.213960147462785244e-04
9.206567192450165749e-04
9.199375053867697716e-04
9.192284778691828251e-04
9.185286471620202065e-04
9.178558248095214367e-04
9.171749115921556950e-04
9.165242663584649563e-04
9.158575558103621006e-04
9.152420097962021828e-04
9.146252996288239956e-04
9.140138863585889339e-04
9.134123101830482483e-04
9.128430392593145370e-04
9.122818592004477978e-04
9.117107256315648556e-04
9.111610124818980694e-04
9.106440120376646519e-04
9.101328323595225811e-04
9.096317808143794537e-04
9.091390529647469521e-04
9.086730424314737320e-04
9.082023170776665211e-04
9.077570284716784954e-04
9.073222754523158073e-04
9.069078369066119194e-04
9.065013146027922630e-04
9.061177843250334263e-04
9.057419374585151672e-04
9.053654503077268600e-04
9.050234802998602390e-04
9.046861086972057819e-04
9.043620666489005089e-04
9.040631121024489403e-04
9.037551353685557842e-04
9.034803952090442181e-04
9.032171219587326050e-04
9.029663633555173874e-04
9.027331834658980370e-04
9.024993050843477249e-04
9.022882441058754921e-04
9.020856814458966255e-04
9.019318385981023312e-04
9.017591364681720734e-04
9.016121621243655682e-04
9.014683892019093037e-04
9.013462113216519356e-04
9.012461523525416851e-04
9.011566289700567722e-04
9.010681533254683018e-04
9.009913192130625248e-04
9.009297355078160763e-04
9.009268833324313164e-04
9.008877095766365528e-04
9.008851484395563602e-04
9.008864290080964565e-04
9.009255445562303066e-04
9.009341592900454998e-04
9.009830537252128124e-04
9.010638459585607052e-04
9.011577931232750416e-04
9.012424270622432232e-04
9.013506351038813591e-04
9.014676907099783421e-04
9.016107651405036449e-04
9.017570409923791885e-04
9.019292192533612251e-04
9.021104779094457626e-04
9.023111197166144848e-04
9.024930768646299839e-04
9.027294581755995750e-04
9.029661887325346470e-04
9.032199159264564514e-04
9.034751565195620060e-04
9.037590934894979000e-04
9.040603181347250938e-04
9.043613099493086338e-04
9.046820923686027527e-04
9.050184162333607674e-04
9.053748799487948418e-04
9.057330316863954067e-04
9.061079472303390503e-04
9.065054473467171192e-04
9.069024235941469669e-04
9.073333349078893661e-04
9.077654685825109482e-04
9.081992320716381073e-04
9.086646605283021927e-04
9.091392857953906059e-04
9.096338180825114250e-04
9.101412724703550339e-04
9.106390061788260937e-04
9.111772524192929268e-04
9.117143927142024040e-04
9.122695191763341427e-04
9.128304081968963146e-04
9.134120191447436810e-04
9.140036418102681637e-04
9.146155207417905331e-04
9.152416023425757885e-04
9.158723987638950348e-04
9.165108785964548588e-04
9.171722340397536755e-04
9.178438340313732624e-04
9.185309754684567451e-04
9.192223078571259975e-04
9.199331980198621750e-04
9.206557879224419594e-04
9.213906596414744854e-04
9.221386862918734550e-04
9.228982380591332912e-04
9.236710611730813980e-04
9.244548855349421501e-04
9.252511663362383842e-04
9.260578081011772156e-04
9.268771973438560963e-04
9.277070639654994011e-04
9.285493870265781879e-04
9.294010233134031296e-04
9.302658727392554283e-04
9.311423636972904205e-04
9.320270037278532982e-04
9.329256135970354080e-04
9.338322561234235764e-04
9.347485029138624668e-04
9.356744121760129929e-04
9.366141166538000107e-04
9.375646477565169334e-04
9.385240264236927032e-04
9.394891094416379929e-04
9.404673473909497261e-04
9.414565865881741047e-04
9.424519375897943974e-04
9.434619569219648838e-04
9.444737806916236877e-04
9.454908431507647038e-04
9.465289185754954815e-04
9.475675760768353939e-04
9.486262570135295391e-04
9.496791753917932510e-04
9.507444920018315315e-04
9.518289589323103428e-04
9.529192466288805008e-04
9.540033061057329178e-04
9.551009279675781727e-04
9.562116465531289577e-04
9.573266142979264259e-04
9.584571234881877899e-04
9.595809970051050186e-04
9.607233805581927299e-04
9.618654148653149605e-04
9.630277636460959911e-04
9.641819051466882229e-04
9.653445449657738209e-04
9.665262768976390362e-04
9.676995687186717987e-04
9.688869467936456203e-04
9.700761875137686729e-04
9.712802129797637463e-04
9.724787087179720402e-04
9.736859356053173542e-04
9.748985175974667072e-04
9.761135443113744259e-04
9.773568017408251762e-04
9.785928996279835701e-04
9.798269020393490791e-04
9.810612536966800690e-04
9.823156287893652916e-04
9.835429955273866653e-04
9.847923647612333298e-04
9.860391728579998016e-04
9.873016970232129097e-04
9.885635226964950562e-04
9.898161515593528748e-04
9.910822845995426178e-04
9.923551697283983231e-04
9.936183923855423927e-04
9.948939550668001175e-04
9.961668401956558228e-04
9.974357672035694122e-04
9.987169178202748299e-04
9.999936446547508240e-04
1.001271419227123260e-03
1.002561650238931179e-03
1.003847690299153328e-03
1.005106256343424320e-03
1.006394741125404835e-03
1.007678569294512272e-03
1.008964725770056248e-03
1.010238425806164742e-03
1.011528423987329006e-03
1.012817490845918655e-03
1.014081877656280994e-03
1.015370595268905163e-03
1.016643131151795387e-03
1.017919625155627728e-03
1.019193907268345356e-03
1.020461670123040676e-03
1.021735137328505516e-03
1.023008255288004875e-03
1.024273224174976349e-03
1.025539706461131573e-03
1.026795129291713238e-03
1.028062892146408558e-03
1.029322622343897820e-03
1.030555809848010540e-03
1.031806692481040955e-03
1.033051870763301849e-03
1.034294604323804379e-03
1.035528257489204407e-03
1.036757137626409531e-03
1.037984620779752731e-03
1.039204653352499008e-03
1.040415372699499130e-03
1.041622250340878963e-03
1.042841351591050625e-03
1.044027972966432571e-03
1.045220531523227692e-03
1.046406920067965984e-03
1.047586207278072834e-03
1.048759440891444683e-03
1.049917074851691723e-03
1.051073428243398666e-03
1.052221399731934071e-03
1.053368090651929379e-03
1.054502907209098339e-03
1.055623055435717106e-03
1.056740991771221161e-03
1.057847985066473484e-03
1.058944035321474075e-03
1.060034264810383320e-03
1.061117160134017467e-03
1.062188064679503441e-03
1.063249190337955952e-03
1.064300769940018654e-03
1.065345131792128086e-03
1.066376338712871075e-03
1.067395438440144062e-03
1.068404759280383587e-03
1.069405814632773399e-03
1.070395810529589653e-03
1.071373932063579559e-03
1.072342507541179657e-03
1.073300023563206196e-03
1.074242056347429752e-03
1.075174310244619846e-03
1.076097018085420132e-03
1.077002962119877338e-03
1.077899127267301083e-03
1.078781904652714729e-03
1.079654088243842125e-03
1.080513000488281250e-03
1.081358641386032104e-03
1.082188449800014496e-03
1.083007664419710636e-03
1.083812210708856583e-03
1.084603718481957912e-03
1.085384283214807510e-03
1.086147851310670376e-03
1.086897333152592182e-03
1.087635639123618603e-03
1.088354736566543579e-03
1.089066616259515285e-03
1.089761732146143913e-03
1.090438803657889366e-03
1.091103651560842991e-03
1.091757789254188538e-03
1.092388993129134178e-03
1.093011698685586452e-03
1.093617640435695648e-03
1.094199367798864841e-03
1.094775157980620861e-03
1.095325918868184090e-03
1.095871324650943279e-03
1.096400199458003044e-03
1.096902531571686268e-03
1.097414409741759300e-03
1.097890431992709637e-03
1.098331180401146412e-03
1.098782755434513092e-03
1.099217683076858521e-03
1.099627232179045677e-03
1.100035267882049084e-03
1.100383815355598927e-03
1.100751105695962906e-03
1.101107802242040634e-03
1.101448200643062592e-03
1.101736328564584255e-03
1.102042384445667267e-03
1.102312235161662102e-03
1.102556823752820492e-03
1.102815498597919941e-03
1.103021670132875443e-03
1.103227608837187290e-03
1.103417947888374329e-03
1.103577902540564537e-03
1.103717833757400513e-03
1.103870803490281105e-03
1.103984890505671501e-03
1.104081515222787857e-03
1.104138325899839401e-03
1.104199676774442196e-03
1.104271970689296722e-03
1.104282913729548454e-03
