1.519458252005279064e-03
1.519396435469388962e-03
1.519239507615566254e-03
1.518934499472379684e-03
1.518537639640271664e-03
1.518041011877357960e-03
1.517410157248377800e-03
1.516677322797477245e-03
1.515811076387763023e-03
1.514845527708530426e-03
1.513779745437204838e-03
1.512582297436892986e-03
1.511294394731521606e-03
1.509887864813208580e-03
1.508358749561011791e-03
1.506721484474837780e-03
1.504980493336915970e-03
1.503128441981971264e-03
1.501167076639831066e-03
1.499086502008140087e-03
1.496903481893241405e-03
1.494623022153973579e-03
1.492258161306381226e-03
1.489767222665250301e-03
1.487176166847348213e-03
1.484481501393020153e-03
1.481682993471622467e-03
1.478808932006359100e-03
1.475823461078107357e-03
1.472722971811890602e-03
1.469549373723566532e-03
1.466256682761013508e-03
1.462882035411894321e-03
1.459412625990808010e-03
1.455854624509811401e-03
1.452218042686581612e-03
1.448476454243063927e-03
1.444641500711441040e-03
1.440735417418181896e-03
1.436732942238450050e-03
1.432638848200440407e-03
1.428483286872506142e-03
1.424241927452385426e-03
1.419912674464285374e-03
1.415514387190341949e-03
1.411029021255671978e-03
1.406476018019020557e-03
1.401854329742491245e-03
1.397143467329442501e-03
1.392375328578054905e-03
1.387541415169835091e-03
1.382631948217749596e-03
1.377664157189428806e-03
1.372623140923678875e-03
1.367547432892024517e-03
1.362373586744070053e-03
1.357163535431027412e-03
1.351924613118171692e-03
1.346639706753194332e-03
1.341230468824505806e-03
1.335789798758924007e-03
1.330313738435506821e-03
1.324758632108569145e-03
1.319171162322163582e-03
1.313540968112647533e-03
1.307875150814652443e-03
1.302175107412040234e-03
1.296412548981606960e-03
1.290630083531141281e-03
1.284812693484127522e-03
1.278944080695509911e-03
1.273050322197377682e-03
1.267122570425271988e-03
1.261167461052536964e-03
1.255177659913897514e-03
1.249180058948695660e-03
1.243148464709520340e-03
1.237087300978600979e-03
1.230998663231730461e-03
1.224906765855848789e-03
1.218778430484235287e-03
1.212626928463578224e-03
1.206475659273564816e-03
1.200294820591807365e-03
1.194127369672060013e-03
1.187920686788856983e-03
1.181715517304837704e-03
1.175505924038589001e-03
1.169283757917582989e-03
1.163062406703829765e-03
1.156815211288630962e-03
1.150580937974154949e-03
1.144345267675817013e-03
1.138118910603225231e-03
1.131883589550852776e-03
1.125647686421871185e-03
1.119418884627521038e-03
1.113185891881585121e-03
1.106975832954049110e-03
1.100768102332949638e-03
1.094576553441584110e-03
1.088380464352667332e-03
1.082202885299921036e-03
1.076026121154427528e-03
1.069878577254712582e-03
1.063746283762156963e-03
1.057627494446933270e-03
1.051511382684111595e-03
1.045427052304148674e-03
1.039357390254735947e-03
1.033309963531792164e-03
1.027291174978017807e-03
1.021281233988702297e-03
1.015318790450692177e-03
1.009358908049762249e-03
1.003416604362428188e-03
9.975197026506066322e-04
9.916384005919098854e-04
9.857843397185206413e-04
9.799633407965302467e-04
9.741804096847772598e-04
9.684095275588333607e-04
9.626758401282131672e-04
9.569829562678933144e-04
9.513213881291449070e-04
9.456866537220776081e-04
9.400861454196274281e-04
9.345182916149497032e-04
9.289847803302109241e-04
9.234938188455998898e-04
9.180277120321989059e-04
9.126097429543733597e-04
9.072284447029232979e-04
9.018784039653837681e-04
8.965689921751618385e-04
8.913030032999813557e-04
8.860758971422910690e-04
8.808950078673660755e-04
8.757404866628348827e-04
8.706366643309593201e-04
8.655664278194308281e-04
8.605411276221275330e-04
8.555583772249519825e-04
8.506268495693802834e-04
8.457303047180175781e-04
8.408744470216333866e-04
8.360696956515312195e-04
8.313002181239426136e-04
8.265812648460268974e-04
8.219084120355546474e-04
8.172803791239857674e-04
8.126808679662644863e-04
8.081421256065368652e-04
8.036539657041430473e-04
7.992012542672455311e-04
7.947998819872736931e-04
7.904380909167230129e-04
7.861309568397700787e-04
7.818558951839804649e-04
7.776481215842068195e-04
7.734705577604472637e-04
7.693507359363138676e-04
7.652825443074107170e-04
7.612420595251023769e-04
7.572570466436445713e-04
7.533251191489398479e-04
7.494452875107526779e-04
7.456042221747338772e-04
7.418129825964570045e-04
7.380686001852154732e-04
7.343801553361117840e-04
7.307369960471987724e-04
7.271310896612703800e-04
7.235861849039793015e-04
7.200748659670352936e-04
7.166267023421823978e-04
7.132241735234856606e-04
7.098612841218709946e-04
7.065546233206987381e-04
7.032875437289476395e-04
7.000726182013750076e-04
6.968771922402083874e-04
6.937758880667388439e-04
6.906864000484347343e-04
6.876727566123008728e-04
6.846952601335942745e-04
6.817699177190661430e-04
6.788919563405215740e-04
6.760592223145067692e-04
6.732734618708491325e-04
6.705342093482613564e-04
6.678429199382662773e-04
6.651980220340192318e-04
6.625954410992562771e-04
6.600511260330677032e-04
6.575544830411672592e-04
6.550987600348889828e-04
6.526931538246572018e-04
6.503282929770648479e-04
6.480204174295067787e-04
6.457540439441800117e-04
6.435330142267048359e-04
6.413577939383685589e-04
6.392327486537396908e-04
6.371483905240893364e-04
6.351121119223535061e-04
6.331204785965383053e-04
6.311783799901604652e-04
6.292820908129215240e-04
6.274291081354022026e-04
6.256241467781364918e-04
6.238729110918939114e-04
6.221544463187456131e-04
6.204826058819890022e-04
6.188733968883752823e-04
6.172921857796609402e-04
6.157617317512631416e-04
6.142762722447514534e-04
6.128337117843329906e-04
6.114437710493803024e-04
6.100941100157797337e-04
6.087811198085546494e-04
6.075291894376277924e-04
6.063151522539556026e-04
6.051420932635664940e-04
6.040228181518614292e-04
6.029359064996242523e-04
6.018986459821462631e-04
6.009101052768528461e-04
5.999624263495206833e-04
5.990667850710451603e-04
5.982024013064801693e-04
5.973959923721849918e-04
5.966250901110470295e-04
5.958923138678073883e-04
5.952134379185736179e-04
5.945814773440361023e-04
5.939921829849481583e-04
5.934356595389544964e-04
5.929362378083169460e-04
5.924697616137564182e-04
5.920560797676444054e-04
5.916835507377982140e-04
5.913571803830564022e-04
5.910730687901377678e-04
5.908294697292149067e-04
5.906260921619832516e-04
5.904696881771087646e-04
5.903698620386421680e-04
5.903021665289998055e-04
5.902794655412435532e-04
5.903012934140861034e-04
5.903698620386421680e-04
5.904715508222579956e-04
5.906260339543223381e-04
5.908289458602666855e-04
5.910726613365113735e-04
5.913574132137000561e-04
5.916812806390225887e-04
5.920581752434372902e-04
5.924690049141645432e-04
5.929343169555068016e-04
5.934353102929890156e-04
5.939837428741157055e-04
5.945787997916340828e-04
5.952145438641309738e-04
5.958952824585139751e-04
5.966257303953170776e-04
5.973891238681972027e-04
5.982018192298710346e-04
5.990592762827873230e-04
5.999646964482963085e-04
6.009095232002437115e-04
6.019031861796975136e-04
6.029367214068770409e-04
6.040183943696320057e-04
6.051426753401756287e-04
6.063186447136104107e-04
6.075212149880826473e-04
6.087830988690257072e-04
6.100861355662345886e-04
6.114410352893173695e-04
6.128375534899532795e-04
6.142790080048143864e-04
6.157592870295047760e-04
6.172916037030518055e-04
6.188697880133986473e-04
6.204847595654428005e-04
6.221489747986197472e-04
6.238656933419406414e-04
6.256266497075557709e-04
6.274318438954651356e-04
6.292808102443814278e-04
6.311802426353096962e-04
6.331243203021585941e-04
6.351104821078479290e-04
6.371431518346071243e-04
6.392283830791711807e-04
6.413495284505188465e-04
6.435390678234398365e-04
6.457450799643993378e-04
6.480256561189889908e-04
6.503326585516333580e-04
6.526914075948297977e-04
6.551010301336646080e-04
6.575547158718109131e-04
6.600560736842453480e-04
6.625989335589110851e-04
6.652025040239095688e-04
6.678458303213119507e-04
6.705394480377435684e-04
6.732682231813669205e-04
6.760632386431097984e-04
6.788924802094697952e-04
6.817719549871981144e-04
6.846920587122440338e-04
6.876742700114846230e-04
6.906947237439453602e-04
6.937701255083084106e-04
6.968717207200825214e-04
7.000727928243577480e-04
7.032997673377394676e-04
7.065563695505261421e-04
7.098637870512902737e-04
7.132224272936582565e-04
7.166222785599529743e-04
7.200760883279144764e-04
7.235824596136808395e-04
7.271231734193861485e-04
7.307306514121592045e-04
7.343811448663473129e-04
7.380712195299565792e-04
7.418137392960488796e-04
7.456038729287683964e-04
7.494414458051323891e-04
7.533284369856119156e-04
7.572566391900181770e-04
7.612420595251023769e-04
7.652817876078188419e-04
7.693512015976011753e-04
7.734817918390035629e-04
7.776559214107692242e-04
7.818607264198362827e-04
7.861306658014655113e-04
7.904460071586072445e-04
7.948016282171010971e-04
7.991933962330222130e-04
8.036487270146608353e-04
8.081418345682322979e-04
8.126822649501264095e-04
8.172728121280670166e-04
8.219034061767160892e-04
8.265749202109873295e-04
8.313073194585740566e-04
8.360702195204794407e-04
8.408717112615704536e-04
8.457287331111729145e-04
8.506230660714209080e-04
8.555594831705093384e-04
8.605411276221275330e-04
8.655746933072805405e-04
8.706313674338161945e-04
8.757366449572145939e-04
8.808959973976016045e-04
8.860784000717103481e-04
8.913039928302168846e-04
8.965684100985527039e-04
9.018717100843787193e-04
9.072259999811649323e-04
9.126079967245459557e-04
9.180348715744912624e-04
9.234886383637785912e-04
9.289769222959876060e-04
9.345165453851222992e-04
9.400821290910243988e-04
9.456883999519050121e-04
9.513176046311855316e-04
9.569862158969044685e-04
9.626757237128913403e-04
9.684092365205287933e-04
9.741763351485133171e-04
9.799643885344266891e-04
9.857749100774526596e-04
9.916385170072317123e-04
9.975138818845152855e-04
1.003418699838221073e-03
1.009350875392556190e-03
1.015311805531382561e-03
1.021278556436300278e-03
1.027293386869132519e-03
1.033304142765700817e-03
1.039349241182208061e-03
1.045427634380757809e-03
1.051513478159904480e-03
1.057627261616289616e-03
1.063749077729880810e-03
1.069884630851447582e-03
1.076033920980989933e-03
1.082192407920956612e-03
1.088378601707518101e-03
1.094570499844849110e-03
1.100767403841018677e-03
1.106977229937911034e-03
1.113193691708147526e-03
1.119421096518635750e-03
1.125653157941997051e-03
1.131883473135530949e-03
1.138107385486364365e-03
1.144352601841092110e-03
1.150588854216039181e-03
1.156821963377296925e-03
1.163049018941819668e-03
1.169282128103077412e-03
1.175508718006312847e-03
1.181725063361227512e-03
1.187920221127569675e-03
1.194119337014853954e-03
1.200304832309484482e-03
1.206478220410645008e-03
1.212634029798209667e-03
1.218768185935914516e-03
1.224892796017229557e-03
1.231011818163096905e-03
1.237079850398004055e-03
1.243142294697463512e-03
1.249184831976890564e-03
1.255184644833207130e-03
1.261173863895237446e-03
1.267132465727627277e-03
1.273057772777974606e-03
1.278946176171302795e-03
1.284802216105163097e-03
1.290632644668221474e-03
1.296426402404904366e-03
1.302166492678225040e-03
1.307885628193616867e-03
1.313546439632773399e-03
1.319185597822070122e-03
1.324772834777832031e-03
1.330300816334784031e-03
1.335779787041246891e-03
1.341246417723596096e-03
1.346624689176678658e-03
1.351935323327779770e-03
1.357156201265752316e-03
1.362388138659298420e-03
1.367545686662197113e-03
1.372623140923678875e-03
1.377669977955520153e-03
1.382643007673323154e-03
1.387539319694042206e-03
1.392385689541697502e-03
1.397158135659992695e-03
1.401863759383559227e-03
1.406481373123824596e-03
1.411034958437085152e-03
1.415507984347641468e-03
1.419908949173986912e-03
1.424235524609684944e-03
1.428478863090276718e-03
1.432634424418210983e-03
1.436723745428025723e-03
1.440722960978746414e-03
1.444637076929211617e-03
1.448469585739076138e-03
1.452207798138260841e-03
1.455866731703281403e-03
1.459416234865784645e-03
1.462875050492584705e-03
1.466252375394105911e-03
1.469540409743785858e-03
1.472719362936913967e-03
1.475810771808028221e-03
1.478809863328933716e-03
1.481700805015861988e-03
1.484493957832455635e-03
1.487171393819153309e-03
1.489763148128986359e-03
1.492249313741922379e-03
1.494635129347443581e-03
1.496919896453619003e-03
1.499084057286381721e-03
1.501164282672107220e-03
1.503120642155408859e-03
1.504968968220055103e-03
1.506721600890159607e-03
1.508348854258656502e-03
1.509885070845484734e-03
1.511294743977487087e-03
1.512589631602168083e-03
1.513775438070297241e-03
1.514860545285046101e-03
1.515804091468453407e-03
1.516672084107995033e-03
1.517412485554814339e-03
1.518042758107185364e-03
1.518536941148340702e-03
1.518936478532850742e-03
1.519231824204325676e-03
1.519396435469388962e-03
1.519455341622233391e-03
1.519394456408917904e-03
1.519237761385738850e-03
1.518935197964310646e-03
1.518537406809628010e-03
1.518041477538645267e-03
1.517411903478205204e-03
1.516668358817696571e-03
1.515808398835361004e-03
1.514860778115689754e-03
1.513777999207377434e-03
1.512593589723110199e-03
1.511295209638774395e-03
1.509887748397886753e-03
1.508345943875610828e-03
1.506721484474837780e-03
1.504965941421687603e-03
1.503116451203823090e-03
1.501164049841463566e-03
1.499086036346852779e-03
1.496924436651170254e-03
1.494641415774822235e-03
1.492248615249991417e-03
1.489760004915297031e-03
1.487169181928038597e-03
1.484491978771984577e-03
1.481694635003805161e-03
1.478804158978164196e-03
1.475814962759613991e-03
1.472722855396568775e-03
1.469545415602624416e-03
1.466251676902174950e-03
1.462875050492584705e-03
1.459412742406129837e-03
1.455867779441177845e-03
1.452215015888214111e-03
1.448472030460834503e-03
1.444636494852602482e-03
1.440726919099688530e-03
1.436724211089313030e-03
1.432635937817394733e-03
1.428479794412851334e-03
1.424238434992730618e-03
1.419909996911883354e-03
1.415510429069399834e-03
1.411036471836268902e-03
1.406479859724640846e-03
1.401862013153731823e-03
1.397158019244670868e-03
1.392386853694915771e-03
1.387539552524685860e-03
1.382643473334610462e-03
1.377674750983715057e-03
1.372629078105092049e-03
1.367544173263013363e-03
1.362378709018230438e-03
1.357157714664936066e-03
1.351927756331861019e-03
1.346636214293539524e-03
1.341243856586515903e-03
1.335782348178327084e-03
1.330300001427531242e-03
1.324767828918993473e-03
1.319188275374472141e-03
1.313548418693244457e-03
1.307877013459801674e-03
1.302168122492730618e-03
1.296421512961387634e-03
1.290629617869853973e-03
1.284806290641427040e-03
1.278947573155164719e-03
1.273054280318319798e-03
1.267133280634880066e-03
1.261172699742019176e-03
1.255188719369471073e-03
1.249182736501097679e-03
1.243140781298279762e-03
1.237078104168176651e-03
1.231008325703442097e-03
1.224898034706711769e-03
1.218766672536730766e-03
1.212632167153060436e-03
1.206474960781633854e-03
1.200298778712749481e-03
1.194118871353566647e-03
1.187923015095293522e-03
1.181722269393503666e-03
1.175509183667600155e-03
1.169283757917582989e-03
1.163048786111176014e-03
1.156820217147469521e-03
1.150591648183763027e-03
1.144351903349161148e-03
1.138105639256536961e-03
1.131873810663819313e-03
1.125647686421871185e-03
1.119419233873486519e-03
1.113189850002527237e-03
1.106976298615336418e-03
1.100766705349087715e-03
1.094566308893263340e-03
1.088380697183310986e-03
1.082193921320140362e-03
1.076034619472920895e-03
1.069882069714367390e-03
1.063749659806489944e-03
1.057625282555818558e-03
1.051513128913938999e-03
1.045424141921103001e-03
1.039349241182208061e-03
1.033303909935057163e-03
1.027294900268316269e-03
1.021279604174196720e-03
1.015310641378164291e-03
1.009354367852210999e-03
1.003417419269680977e-03
9.975142311304807663e-04
9.916387498378753662e-04
9.857747936621308327e-04
9.799633407965302467e-04
9.741784306243062019e-04
9.684094693511724472e-04
9.626764804124832153e-04
9.569889516569674015e-04
9.513161494396626949e-04
9.456871193833649158e-04
9.400816634297370911e-04
9.345163125544786453e-04
9.289782610721886158e-04
9.234891622327268124e-04
9.180374909192323685e-04
9.126086952164769173e-04
9.072284447029232979e-04
9.018732234835624695e-04
8.965702727437019348e-04
8.913011406548321247e-04
8.860793896019458771e-04
8.808975107967853546e-04
8.757317555136978626e-04
8.706325897946953773e-04
8.655736455693840981e-04
8.605411276221275330e-04
8.555586100555956364e-04
8.506230660714209080e-04
8.457281510345637798e-04
8.408744470216333866e-04
8.360706851817667484e-04
8.313077269122004509e-04
8.265765500254929066e-04
8.219013107009232044e-04
8.172726957127451897e-04
8.126804605126380920e-04
8.081426494754850864e-04
8.036456420086324215e-04
7.991927559487521648e-04
7.948016864247620106e-04
7.904471131041646004e-04
7.861308404244482517e-04
7.818620651960372925e-04
7.776543498039245605e-04
7.734806276857852936e-04
7.693541701883077621e-04
7.652828935533761978e-04
7.612438057549297810e-04
7.572569884359836578e-04
7.533270400017499924e-04
7.494391757063567638e-04
7.456048624590039253e-04
7.418168243020772934e-04
7.380723836831748486e-04
7.343786419369280338e-04
7.307285559363663197e-04
7.271295762620866299e-04
7.235820521600544453e-04
7.200785912573337555e-04
7.166230934672057629e-04
7.132187602110207081e-04
7.098671048879623413e-04
7.065534009598195553e-04
7.032967987470328808e-04
7.000737823545932770e-04
6.968752131797373295e-04
6.937732687219977379e-04
6.906908820383250713e-04
6.876767147332429886e-04
6.846917676739394665e-04
6.817671819590032101e-04
6.788973114453256130e-04
6.760638207197189331e-04
6.732699694111943245e-04
6.705399719066917896e-04
6.678444915451109409e-04
6.652062293142080307e-04
6.626024260185658932e-04
6.600583437830209732e-04
6.575562292709946632e-04
6.551010301336646080e-04
6.526954821310937405e-04
6.503362674266099930e-04
6.480264128185808659e-04
6.457468261942267418e-04
6.435377872548997402e-04
6.413510418497025967e-04
6.392316427081823349e-04
6.371441413648426533e-04
6.351112388074398041e-04
6.331278709694743156e-04
6.311807082965970039e-04
6.292804609984159470e-04
6.274337065406143665e-04
6.256268825381994247e-04
6.238668574951589108e-04
6.221481016837060452e-04
6.204846431501209736e-04
6.188697880133986473e-04
6.172909634187817574e-04
6.157591124065220356e-04
6.142806378193199635e-04
6.128364475443959236e-04
6.114409188739955425e-04
6.100859609432518482e-04
6.087817600928246975e-04
6.075220881029963493e-04
6.063179462216794491e-04
6.051428499631583691e-04
6.040178705006837845e-04
6.029359647072851658e-04
6.019012653268873692e-04
6.009087082929909229e-04
5.999623099341988564e-04
5.990581703372299671e-04
5.982022266834974289e-04
5.973892984911799431e-04
5.966260214336216450e-04
5.958942929282784462e-04
5.952143110334873199e-04
5.945771117694675922e-04
5.939832772128283978e-04
5.934361834079027176e-04
5.929353646934032440e-04
5.924693541601300240e-04
5.920568364672362804e-04
5.916816880926489830e-04
5.913589266128838062e-04
5.910729523748159409e-04
5.908289458602666855e-04
5.906256847083568573e-04
5.904704448767006397e-04
5.903682904317975044e-04
5.903016426600515842e-04
5.902808625251054764e-04
5.903021665289998055e-04
5.903698620386421680e-04
5.904691643081605434e-04
5.906240548938512802e-04
5.908263265155255795e-04
5.910717882215976715e-04
5.913578788749873638e-04
5.916821537539362907e-04
5.920543335378170013e-04
5.924682482145726681e-04
5.929342005401849747e-04
5.934342043474316597e-04
5.939926486462354660e-04
5.945779848843812943e-04
5.952127976343035698e-04
5.958937690593302250e-04
5.966231110505759716e-04
5.973966908641159534e-04
5.981993745081126690e-04
5.990659119561314583e-04
5.999623681418597698e-04
6.009080680087208748e-04
6.019001593813300133e-04
6.029349169693887234e-04
6.040237494744360447e-04
6.051387172192335129e-04
6.063163164071738720e-04
6.075293058529496193e-04
6.087790825404226780e-04
6.100957398302853107e-04
6.114445277489721775e-04
6.128349341452121735e-04
6.142785423435270786e-04
6.157613242976367474e-04
6.172916037030518055e-04
6.188737461343407631e-04
6.204814999364316463e-04
6.221561925485730171e-04
6.238737842068076134e-04
6.256219348870217800e-04
6.274306797422468662e-04
6.292829639278352261e-04
6.311800098046660423e-04
6.331237964332103729e-04
6.351138581521809101e-04
6.371506024152040482e-04
6.392349023371934891e-04
6.413572700694203377e-04
6.435368559323251247e-04
6.457567214965820312e-04
6.480226875282824039e-04
6.503304466605186462e-04
6.526951910927891731e-04
6.550985272042453289e-04
6.575510487891733646e-04
6.600554916076362133e-04
6.625971873290836811e-04
6.651987787336111069e-04
6.678421050310134888e-04
6.705351988784968853e-04
6.732752081006765366e-04
6.760576507076621056e-04
6.788917235098779202e-04
6.817686953581869602e-04
6.846970063634216785e-04
6.876747356727719307e-04
6.906858761794865131e-04
6.937780999578535557e-04
6.968742236495018005e-04
7.000712794251739979e-04
7.032898138277232647e-04
7.065483951009809971e-04
7.098615751601755619e-04
7.132251630537211895e-04
7.166262366808950901e-04
7.200747495517134666e-04
7.235861849039793015e-04
7.271310896612703800e-04
7.307365303859114647e-04
7.343775941990315914e-04
7.380675524473190308e-04
7.418091408908367157e-04
7.456052117049694061e-04
7.494444143958389759e-04
7.533253519795835018e-04
7.572552422061562538e-04
7.612403132952749729e-04
7.652813219465315342e-04
7.693504448980093002e-04
7.734689279459416866e-04
7.776476559229195118e-04
7.818540907464921474e-04
7.861305493861436844e-04
7.904361118562519550e-04
7.947997073642909527e-04
7.991977618075907230e-04
8.036535582505166531e-04
8.081403793767094612e-04
8.126787724904716015e-04
8.172775269486010075e-04
8.219056762754917145e-04
8.265814976766705513e-04
8.313014986924827099e-04
8.360702195204794407e-04
8.408733410760760307e-04
8.457311196252703667e-04
8.506278390996158123e-04
8.555601234547793865e-04
8.605428738519549370e-04
8.655686979182064533e-04
8.706359076313674450e-04
8.757397881709039211e-04
8.808954153209924698e-04
8.860754896886646748e-04
8.913043420761823654e-04
8.965684100985527039e-04
9.018760756589472294e-04
9.072275715880095959e-04
9.126078803092241287e-04
9.180282941088080406e-04
9.234948665834963322e-04
9.289845474995672703e-04
9.345190483145415783e-04
9.400873677805066109e-04
9.456881671212613583e-04
9.513227851130068302e-04
9.569847024977207184e-04
9.626745595596730709e-04
9.684089454822242260e-04
9.741826797835528851e-04
9.799661347642540932e-04
9.857843397185206413e-04
9.916370036080479622e-04
9.975171415135264397e-04
1.003415556624531746e-03
1.009359373711049557e-03
1.015317626297473907e-03
1.021282514557242393e-03
1.027289894409477711e-03
1.033310429193079472e-03
1.039358205161988735e-03
1.045426586642861366e-03
1.051511731930077076e-03
1.057625748217105865e-03
1.063744653947651386e-03
1.069882186129689217e-03
1.076025888323783875e-03
1.082204165868461132e-03
1.088380347937345505e-03
1.094576786272227764e-03
1.100768451578915119e-03
1.106972340494394302e-03
1.113186357542872429e-03
1.119420630857348442e-03
1.125647919252514839e-03
1.131883589550852776e-03
1.138118095695972443e-03
1.144349575042724609e-03
1.150581403635442257e-03
1.156815560534596443e-03
1.163061242550611496e-03
1.169280381873250008e-03
1.175501500256359577e-03
1.181715517304837704e-03
1.187922433018684387e-03
1.194127136841416359e-03
1.200294587761163712e-03
1.206475775688886642e-03
1.212627626955509186e-03
1.218778197653591633e-03
1.224901992827653885e-03
1.230997848324477673e-03
1.237086253240704536e-03
1.243148464709520340e-03
1.249180058948695660e-03
1.255177892744541168e-03
1.261167926713824272e-03
1.267121871933341026e-03
1.273046829737722874e-03
1.278939191251993179e-03
1.284813391976058483e-03
1.290632644668221474e-03
1.296412548981606960e-03
1.302175107412040234e-03
1.307875500060617924e-03
1.313541899435222149e-03
1.319175120443105698e-03
1.324758864939212799e-03
1.330313272774219513e-03
1.335790380835533142e-03
1.341229886747896671e-03
1.346640754491090775e-03
1.351926825009286404e-03
1.357158529572188854e-03
1.362379174679517746e-03
1.367542194202542305e-03
1.372625934891402721e-03
1.377664390020072460e-03
1.382631016895174980e-03
1.387538970448076725e-03
1.392372418195009232e-03
1.397143118083477020e-03
1.401855028234422207e-03
1.406474853865802288e-03
1.411029486916959286e-03
1.415516133420169353e-03
1.419910928234457970e-03
1.424246816895902157e-03
1.428489340469241142e-03
1.432649907656013966e-03
1.436734688468277454e-03
1.440729945898056030e-03
1.444640569388866425e-03
1.448477851226925850e-03
1.452218508347868919e-03
1.455858233384788036e-03
1.459414721466600895e-03
1.462883315980434418e-03
1.466260873712599277e-03
1.469550188630819321e-03
1.472726347856223583e-03
1.475819270126521587e-03
1.478807651437819004e-03
1.481682527810335159e-03
1.484480453655123711e-03
1.487172674387693405e-03
1.489768968895077705e-03
1.492256997153162956e-03
1.494626165367662907e-03
1.496908487752079964e-03
1.499087549746036530e-03
1.501170801930129528e-03
1.503124367445707321e-03
1.504978165030479431e-03
1.506722997874021530e-03
1.508351531811058521e-03
1.509886584244668484e-03
1.511291367933154106e-03
1.512584742158651352e-03
1.513775903731584549e-03
1.514845294877886772e-03
1.515809330157935619e-03
1.516670337878167629e-03
1.517408993095159531e-03
1.518036588095128536e-03
1.518535427749156952e-03
1.518934499472379684e-03
1.519234851002693176e-03
1.519394456408917904e-03
