1.621489762328565121e-03
1.621412462554872036e-03
1.621209783479571342e-03
1.620825380086898804e-03
1.620328985154628754e-03
1.619693008251488209e-03
1.618897775188088417e-03
1.617969246581196785e-03
1.616866677068173885e-03
1.615648972801864147e-03
1.614289823919534683e-03
1.612782361917197704e-03
1.611158484593033791e-03
1.609364175237715244e-03
1.607428654097020626e-03
1.605369267053902149e-03
1.603178097866475582e-03
1.600832678377628326e-03
1.598366885446012020e-03
1.595746609382331371e-03
1.592996530234813690e-03
1.590127125382423401e-03
1.587134785950183868e-03
1.583994948305189610e-03
1.580731361173093319e-03
1.577322836965322495e-03
1.573807676322758198e-03
1.570182153955101967e-03
1.566421589814126492e-03
1.562519813887774944e-03
1.558524789288640022e-03
1.554387155920267105e-03
1.550148474052548409e-03
1.545789069496095181e-03
1.541320350952446461e-03
1.536750234663486481e-03
1.532063237391412258e-03
1.527262735180556774e-03
1.522366772405803204e-03
1.517361029982566833e-03
1.512251328676939011e-03
1.507044304162263870e-03
1.501739025115966797e-03
1.496324897743761539e-03
1.490835333243012428e-03
1.485224813222885132e-03
1.479534083046019077e-03
1.473778043873608112e-03
1.467924332246184349e-03
1.461989246308803558e-03
1.455972669646143913e-03
1.449872273951768875e-03
1.443703658878803253e-03
1.437469501979649067e-03
1.431156881153583527e-03
1.424749498255550861e-03
1.418370520696043968e-03
1.411811797879636288e-03
1.405227580107748508e-03
1.398562919348478317e-03
1.391858444549143314e-03
1.385107752867043018e-03
1.378279644995927811e-03
1.371410326100885868e-03
1.364483614452183247e-03
1.357516157440841198e-03
1.350515405647456646e-03
1.343432115390896797e-03
1.336346263997256756e-03
1.329212798736989498e-03
1.322033000178635120e-03
1.314823166467249393e-03
1.307579455897212029e-03
1.300311298109591007e-03
1.292990287765860558e-03
1.285665202885866165e-03
1.278320327401161194e-03
1.270939712412655354e-03
1.263538375496864319e-03
1.256120624020695686e-03
1.248688437044620514e-03
1.241239602677524090e-03
1.233785413205623627e-03
1.226316555403172970e-03
1.218844437971711159e-03
1.211348106153309345e-03
1.203869120217859745e-03
1.196385244838893414e-03
1.188885420560836792e-03
1.181404571980237961e-03
1.173899974673986435e-03
1.166424015536904335e-03
1.158949220553040504e-03
1.151485601440072060e-03
1.144026755355298519e-03
1.136573730036616325e-03
1.129131414927542210e-03
1.121710287407040596e-03
1.114302664063870907e-03
1.106913434341549873e-03
1.099553075619041920e-03
1.092199585400521755e-03
1.084867049939930439e-03
1.077556749805808067e-03
1.070276251994073391e-03
1.063021947629749775e-03
1.055793371051549911e-03
1.048585516400635242e-03
1.041411887854337692e-03
1.034274231642484665e-03
1.027163933031260967e-03
1.020090421661734581e-03
1.013038214296102524e-03
1.006048871204257011e-03
9.990679100155830383e-04
9.921264136210083961e-04
9.852377697825431824e-04
9.783736895769834518e-04
9.715507039800286293e-04
9.647847036831080914e-04
9.580568876117467880e-04
9.513600380159914494e-04
9.447024785913527012e-04
9.381036506965756416e-04
9.315420174971222878e-04
9.250325383618474007e-04
9.185645030811429024e-04
9.121413459070026875e-04
9.057610877789556980e-04
8.994401432573795319e-04
8.931647753342986107e-04
8.869405137374997139e-04
8.807636913843452930e-04
8.746348903514444828e-04
8.685599896125495434e-04
8.625332266092300415e-04
8.565618772991001606e-04
8.506502490490674973e-04
8.447741856798529625e-04
8.389684953726828098e-04
8.332090219482779503e-04
8.274979190900921822e-04
8.218506700359284878e-04
8.162563899531960487e-04
8.107124012894928455e-04
8.052228367887437344e-04
7.997957291081547737e-04
7.944084354676306248e-04
7.890918641351163387e-04
7.838280871510505676e-04
7.786259520798921585e-04
7.734649116173386574e-04
7.683654548600316048e-04
7.633327040821313858e-04
7.583434926345944405e-04
7.534152246080338955e-04
7.485390524379909039e-04
7.437406457029283047e-04
7.389777456410229206e-04
7.342819008044898510e-04
7.296359399333596230e-04
7.250561611726880074e-04
7.205282454378902912e-04
7.160537643358111382e-04
7.116403430700302124e-04
7.072805310599505901e-04
7.029797416180372238e-04
6.987311644479632378e-04
6.945439963601529598e-04
6.904146866872906685e-04
6.863425951451063156e-04
6.823259755037724972e-04
6.783669814467430115e-04
6.744593265466392040e-04
6.706045242026448250e-04
6.668090354651212692e-04
6.630785064771771431e-04
6.593978032469749451e-04
6.557868910022079945e-04
6.521917530335485935e-04
6.486806087195873260e-04
6.452170782722532749e-04
6.418205448426306248e-04
6.384692969731986523e-04
6.351816700771450996e-04
6.319325766526162624e-04
6.287447758950293064e-04
6.256174528971314430e-04
6.225417018868029118e-04
6.195290479809045792e-04
6.165513768792152405e-04
6.136430893093347549e-04
6.107779918238520622e-04
6.079654558561742306e-04
6.052145618014037609e-04
6.025074399076402187e-04
5.998623091727495193e-04
5.972667713649570942e-04
5.947237950749695301e-04
5.922288983128964901e-04
5.897945375181734562e-04
5.874021444469690323e-04
5.850676679983735085e-04
5.827850545756518841e-04
5.805494729429483414e-04
5.783673841506242752e-04
5.762274377048015594e-04
5.741474451497197151e-04
5.721159977838397026e-04
5.701367044821381569e-04
5.682073533535003662e-04
5.663282354362308979e-04
5.644973716698586941e-04
5.627124919556081295e-04
5.609860527329146862e-04
5.593007663264870644e-04
5.576701369136571884e-04
5.560833960771560669e-04
5.545432795770466328e-04
5.530651542358100414e-04
5.516289384104311466e-04
5.502356216311454773e-04
5.488994647748768330e-04
5.476115038618445396e-04
5.463593406602740288e-04
5.451671313494443893e-04
5.440204986371099949e-04
5.429249140433967113e-04
5.418690852820873260e-04
5.408622091636061668e-04
5.399066139943897724e-04
5.389919388107955456e-04
5.381336086429655552e-04
5.373168969526886940e-04
5.365454708226025105e-04
5.358263151720166206e-04
5.351551808416843414e-04
5.345257231965661049e-04
5.339445779100060463e-04
5.334085435606539249e-04
5.329195992089807987e-04
5.324825760908424854e-04
5.320852505974471569e-04
5.317353643476963043e-04
5.314392037689685822e-04
5.311804125085473061e-04
5.309683619998395443e-04
5.308055551722645760e-04
5.306931561790406704e-04
5.306199891492724419e-04
5.305986851453781128e-04
5.306209204718470573e-04
5.306929233483970165e-04
5.308060790412127972e-04
5.309688276611268520e-04
5.311806453391909599e-04
5.314400768838822842e-04
5.317350151017308235e-04
5.320783238857984543e-04
5.324843223206698895e-04
5.329197156243026257e-04
5.334090674296021461e-04
5.339449853636324406e-04
5.345193203538656235e-04
5.351525032892823219e-04
5.358273629099130630e-04
5.365459364838898182e-04
5.373168969526886940e-04
5.381306400522589684e-04
5.389935104176402092e-04
5.398991634137928486e-04
5.408622091636061668e-04
5.418688524514436722e-04
5.429266602732241154e-04
5.440204404294490814e-04
5.451693432405591011e-04
5.463627749122679234e-04
5.476122023537755013e-04
5.488981842063367367e-04
5.502399872057139874e-04
5.516221281141042709e-04
5.530621856451034546e-04
5.545470048673450947e-04
5.560845020227134228e-04
5.576652474701404572e-04
5.592991947196424007e-04
5.609823274426162243e-04
5.627142381854355335e-04
5.644907942041754723e-04
5.663262563757598400e-04
5.682107876054942608e-04
5.701413028873503208e-04
5.721152992919087410e-04
5.741493077948689461e-04
5.762327346019446850e-04
5.783650558441877365e-04
5.805422551929950714e-04
5.827840650454163551e-04
5.850659217685461044e-04
5.874054622836410999e-04
5.897925002500414848e-04
5.922323325648903847e-04
5.947260069660842419e-04
5.972647340968251228e-04
5.998646374791860580e-04
6.025119218975305557e-04
6.052188109606504440e-04
6.079693557694554329e-04
6.107782828621566296e-04
6.136445445008575916e-04
6.165566155686974525e-04
6.195231690071523190e-04
6.225458346307277679e-04
6.256221677176654339e-04
6.287532160058617592e-04
6.319301901385188103e-04
6.351766060106456280e-04
6.384723819792270660e-04
6.418179837055504322e-04
6.452113739214837551e-04
6.486809579655528069e-04
6.521939067170023918e-04
6.557933520525693893e-04
6.593938451260328293e-04
6.630732095800340176e-04
6.668112473562359810e-04
6.706065614707767963e-04
6.744535639882087708e-04
6.783610442653298378e-04
6.823210278525948524e-04
6.863357848487794399e-04
6.904106121510267258e-04
6.945501663722097874e-04
6.987288943491876125e-04
7.029792177490890026e-04
7.072808220982551575e-04
7.116359192878007889e-04
7.160515524446964264e-04
7.205307483673095703e-04
7.250535418279469013e-04
7.296376861631870270e-04
7.342862663790583611e-04
7.389802485704421997e-04
7.437481544911861420e-04
7.485481328330934048e-04
7.534102769568562508e-04
7.583417464047670364e-04
7.633327040821313858e-04
7.683679577894508839e-04
7.734606624580919743e-04
7.786186761222779751e-04
7.838254678063094616e-04
7.890904089435935020e-04
7.944180979393422604e-04
7.997927023097872734e-04
8.052201592363417149e-04
8.107088506221771240e-04
8.162526064552366734e-04
8.218457223847508430e-04
8.274954161606729031e-04
8.332122815772891045e-04
8.389690192416310310e-04
8.447741856798529625e-04
8.506505400873720646e-04
8.565688622184097767e-04
8.625342161394655704e-04
8.685600478202104568e-04
8.746289531700313091e-04
8.807624690234661102e-04
8.869415032677352428e-04
8.931720512919127941e-04
8.994437521323561668e-04
9.057620773091912270e-04
9.121392504312098026e-04
9.185625240206718445e-04
9.250315488316118717e-04
9.315446368418633938e-04
9.381035342812538147e-04
9.447042248211801052e-04
9.513634140603244305e-04
9.580608457326889038e-04
9.647847036831080914e-04
9.715453488752245903e-04
9.783745044842362404e-04
9.852348593994975090e-04
9.921299060806632042e-04
9.990632534027099609e-04
1.006040489301085472e-03
1.013046014122664928e-03
1.020096242427825928e-03
1.027157763019204140e-03
1.034266781061887741e-03
1.041417359374463558e-03
1.048587844707071781e-03
1.055798609741032124e-03
1.063023926690220833e-03
1.070279744453728199e-03
1.077556400559842587e-03
1.084861927665770054e-03
1.092195278033614159e-03
1.099544577300548553e-03
1.106921117752790451e-03
1.114303129725158215e-03
1.121711218729615211e-03
1.129138167016208172e-03
1.136576407589018345e-03
1.144023844972252846e-03
1.151470351032912731e-03
1.158955739811062813e-03
1.166427740827202797e-03
1.173903234302997589e-03
1.181389670819044113e-03
1.188881113193929195e-03
1.196386525407433510e-03
1.203875872306525707e-03
1.211351482197642326e-03
1.218831981532275677e-03
1.226313295774161816e-03
1.233781455084681511e-03
1.241245656274259090e-03
1.248679705895483494e-03
1.256112358532845974e-03
1.263539656065404415e-03
1.270932843908667564e-03
1.278308569453656673e-03
1.285669161006808281e-03
1.292992266826331615e-03
1.300312811508774757e-03
1.307583879679441452e-03
1.314822235144674778e-03
1.322038471698760986e-03
1.329208025708794594e-03
1.336338929831981659e-03
1.343442942015826702e-03
1.350502367131412029e-03
1.357519649900496006e-03
1.364495255984365940e-03
1.371415331959724426e-03
1.378288143314421177e-03
1.385094365105032921e-03
1.391852274537086487e-03
1.398569555021822453e-03
1.405213959515094757e-03
1.411830307915806770e-03
1.418368658050894737e-03
1.424759393557906151e-03
1.431145472452044487e-03
1.437461236491799355e-03
1.443720539100468159e-03
1.449885894544422626e-03
1.455978024750947952e-03
1.462001120671629906e-03
1.467938418500125408e-03
1.473790151067078114e-03
1.479555969126522541e-03
1.485236571170389652e-03
1.490828348323702812e-03
1.496319659054279327e-03
1.501729479059576988e-03
1.507044653408229351e-03
1.512244925834238529e-03
1.517350552603602409e-03
1.522363163530826569e-03
1.527260756120085716e-03
1.532060094177722931e-03
1.536746742203831673e-03
1.541332341730594635e-03
1.545785809867084026e-03
1.550142536871135235e-03
1.554386690258979797e-03
1.558517338708043098e-03
1.562514342367649078e-03
1.566413673572242260e-03
1.570179825648665428e-03
1.573825487866997719e-03
1.577344373799860477e-03
1.580722513608634472e-03
1.583989011123776436e-03
1.587128383107483387e-03
1.590138534083962440e-03
1.593016902916133404e-03
1.595747657120227814e-03
1.598367234691977501e-03
1.600832911208271980e-03
1.603166223503649235e-03
1.605366938747465611e-03
1.607420039363205433e-03
1.609361148439347744e-03
1.611146843060851097e-03
1.612792257219552994e-03
1.614288892596960068e-03
1.615665387362241745e-03
1.616866444237530231e-03
1.617965288460254669e-03
1.618892652913928032e-03
1.619689981453120708e-03
1.620325027033686638e-03
1.620827824808657169e-03
1.621205941773951054e-03
1.621413975954055786e-03
1.621485338546335697e-03
1.621413975954055786e-03
1.621210831217467785e-03
1.620826311409473419e-03
1.620324561372399330e-03
1.619693939574062824e-03
1.618893351405858994e-03
1.617964473553001881e-03
1.616860972717404366e-03
1.615667832084000111e-03
1.614287379197776318e-03
1.612789579667150974e-03
1.611150451935827732e-03
1.609361148439347744e-03
1.607419224455952644e-03
1.605362398549914360e-03
1.603161799721419811e-03
1.600827905349433422e-03
1.598362810909748077e-03
1.595744513906538486e-03
1.593020278960466385e-03
1.590138068422675133e-03
1.587127801030874252e-03
1.583988661877810955e-03
1.580725191161036491e-03
1.577342394739389420e-03
1.573824207298457623e-03
1.570181222632527351e-03
1.566414139233529568e-03
1.562510849907994270e-03
1.558514428324997425e-03
1.554387155920267105e-03
1.550137065351009369e-03
1.545785809867084026e-03
1.541334670037031174e-03
1.536747789941728115e-03
1.532058813609182835e-03
1.527254818938672543e-03
1.522363629192113876e-03
1.517355325631797314e-03
1.512244576588273048e-03
1.507036737166345119e-03
1.501731458120048046e-03
1.496318960562348366e-03
1.490821712650358677e-03
1.485222834162414074e-03
1.479554455727338791e-03
1.473787939175963402e-03
1.467940630391240120e-03
1.461999956518411636e-03
1.455970690585672855e-03
1.449889037758111954e-03
1.443711807951331139e-03
1.437467173673212528e-03
1.431154902093112469e-03
1.424767309799790382e-03
1.418368658050894737e-03
1.411815756000578403e-03
1.405218965373933315e-03
1.398575841449201107e-03
1.391846919432282448e-03
1.385098439641296864e-03
1.378289074636995792e-03
1.371418824419379234e-03
1.364493509754538536e-03
1.357517903670668602e-03
1.350508653558790684e-03
1.343446667306125164e-03
1.336334971711039543e-03
1.329202088527381420e-03
1.322035794146358967e-03
1.314824912697076797e-03
1.307587954215705395e-03
1.300307339988648891e-03
1.292989240027964115e-03
1.285669161006808281e-03
1.278306706808507442e-03
1.270929118618369102e-03
1.263542100787162781e-03
1.256115501746535301e-03
1.248679240234196186e-03
1.241243444383144379e-03
1.233788090758025646e-03
1.226314809173345566e-03
1.218829653225839138e-03
1.211350085213780403e-03
1.203875173814594746e-03
1.196383847855031490e-03
1.188883907161653042e-03
1.181390602141618729e-03
1.173904864117503166e-03
1.166427507996559143e-03
1.158953178673982620e-03
1.151470351032912731e-03
1.144023844972252846e-03
1.136574312113225460e-03
1.129135489463806152e-03
1.121709239669144154e-03
1.114311278797686100e-03
1.106919371522963047e-03
1.099545625038444996e-03
1.092193066142499447e-03
1.084858900867402554e-03
1.077557215467095375e-03
1.070279628038406372e-03
1.063023926690220833e-03
1.055801054462790489e-03
1.048586447723209858e-03
1.041417708620429039e-03
1.034272252582013607e-03
1.027160207740962505e-03
1.020094379782676697e-03
1.013046014122664928e-03
1.006043283268809319e-03
9.990626713261008263e-04
9.921306045725941658e-04
9.852340444922447205e-04
9.783736895769834518e-04
9.715477353893220425e-04
9.647838305681943893e-04
9.580603800714015961e-04
9.513628319837152958e-04
9.447040501981973648e-04
9.381021955050528049e-04
9.315447532571852207e-04
9.250335278920829296e-04
9.185647359117865562e-04
9.121408220380544662e-04
9.057628922164440155e-04
8.994448580779135227e-04
8.931715856306254864e-04
8.869432494975626469e-04
8.807643316686153412e-04
8.746319799683988094e-04
8.685609791427850723e-04
8.625329937785863876e-04
8.565673488192260265e-04
8.506515296176075935e-04
8.447745349258184433e-04
8.389685535803437233e-04
8.332124562002718449e-04
8.274944266304373741e-04
8.218460716307163239e-04
8.162520243786275387e-04
8.107101311907172203e-04
8.052211487665772438e-04
7.997937500476837158e-04
7.944168173708021641e-04
7.890893029980361462e-04
7.838261080905795097e-04
7.786214118823409081e-04
7.734599057585000992e-04
7.683684816583991051e-04
7.633289787918329239e-04
7.583405240438878536e-04
7.534124888479709625e-04
7.485491223633289337e-04
7.437446038238704205e-04
7.389817037619650364e-04
7.342867902480065823e-04
7.296388503164052963e-04
7.250541821122169495e-04
7.205290021374821663e-04
7.160507957451045513e-04
7.116348715499043465e-04
7.072812877595424652e-04
7.029794505797326565e-04
6.987302331253886223e-04
6.945481873117387295e-04
6.904117763042449951e-04
6.863377639092504978e-04
6.823213188908994198e-04
6.783623248338699341e-04
6.744546117261052132e-04
6.706084823235869408e-04
6.668131682090461254e-04
6.630740826949477196e-04
6.593938451260328293e-04
6.557937595061957836e-04
6.521947216242551804e-04
6.486785132437944412e-04
6.452108500525355339e-04
6.418185657821595669e-04
6.384750013239681721e-04
6.351785850711166859e-04
6.319310050457715988e-04
6.287535652518272400e-04
6.256205961108207703e-04
6.225468241609632969e-04
6.195222376845777035e-04
6.165580707602202892e-04
6.136443116702139378e-04
6.107779336161911488e-04
6.079695886000990868e-04
6.052198586985468864e-04
6.025112234055995941e-04
5.998661508783698082e-04
5.972647340968251228e-04
5.947258323431015015e-04
5.922325653955340385e-04
5.897937808185815811e-04
5.874053458683192730e-04
5.850677844136953354e-04
5.827830755151808262e-04
5.805428372696042061e-04
5.783657543361186981e-04
5.762307555414736271e-04
5.741479690186679363e-04
5.721139023080468178e-04
5.701391492038965225e-04
5.682121845893561840e-04
5.663246847689151764e-04
5.644894554279744625e-04
5.627157515846192837e-04
5.609824438579380512e-04
5.592973902821540833e-04
5.576639086939394474e-04
5.560834542848169804e-04
5.545460153371095657e-04
5.530624184757471085e-04
5.516220116987824440e-04
5.502377171069383621e-04
5.488983588293194771e-04
5.476113292388617992e-04
5.463604466058313847e-04
5.451688775792717934e-04
5.440214299596846104e-04
5.429265438579022884e-04
5.418712971732020378e-04
5.408641882240772247e-04
5.399017827585339546e-04
5.389928119257092476e-04
5.381299997679889202e-04
5.373174208216369152e-04
5.365465767681598663e-04
5.358273047022521496e-04
5.351530853658914566e-04
5.345185054466128349e-04
5.339432391338050365e-04
5.334079614840447903e-04
5.329204723238945007e-04
5.324846715666353703e-04
5.320781492628157139e-04
5.317351315170526505e-04
5.314390873536467552e-04
5.311821005307137966e-04
5.309693515300750732e-04
5.308069521561264992e-04
5.306915263645350933e-04
5.306202219799160957e-04
5.305992672219872475e-04
5.306202219799160957e-04
5.306921666488051414e-04
5.308054969646036625e-04
5.309693515300750732e-04
5.311823333613574505e-04
5.314389709383249283e-04
5.317351315170526505e-04
5.320867057889699936e-04
5.324822850525379181e-04
5.329193081706762314e-04
5.334060988388955593e-04
5.339424824342131615e-04
5.345261306501924992e-04
5.351540748961269855e-04
5.358271300792694092e-04
5.365466931834816933e-04
5.373146850615739822e-04
5.381313967518508434e-04
5.389906582422554493e-04
5.399066139943897724e-04
5.408607539720833302e-04
5.418687360361218452e-04
5.429235752671957016e-04
5.440203240141272545e-04
5.451668985188007355e-04
5.463593406602740288e-04
5.476109217852354050e-04
5.488994647748768330e-04
5.502378335222601891e-04
5.516289384104311466e-04
5.530645139515399933e-04
5.545428139157593250e-04
5.560817662626504898e-04
5.576704279519617558e-04
5.592998932115733624e-04
5.609868094325065613e-04
5.627123755402863026e-04
5.644973716698586941e-04
5.663246847689151764e-04
5.682081100530922413e-04
5.701370537281036377e-04
5.721175111830234528e-04
5.741472123190760612e-04
5.762277869507670403e-04
5.783659871667623520e-04
5.805492983199656010e-04
5.827855202369391918e-04
5.850677844136953354e-04
5.874010385014116764e-04
5.897949449717998505e-04
5.922269192524254322e-04
5.947211757302284241e-04
5.972647340968251228e-04
5.998608539812266827e-04
6.025058683007955551e-04
6.052144453860819340e-04
6.079644663259387016e-04
6.107789813540875912e-04
6.136433221399784088e-04
6.165517843328416348e-04
6.195266614668071270e-04
6.225386750884354115e-04
6.256179767660796642e-04
6.287443102337419987e-04
6.319333333522081375e-04
6.351827760227024555e-04
6.384692969731986523e-04
6.418219418264925480e-04
6.452160887420177460e-04
6.486802012659609318e-04
6.521887844428420067e-04
6.557923625223338604e-04
6.593958241865038872e-04
6.630781572312116623e-04
6.668062414973974228e-04
6.706052226945757866e-04
6.744580459780991077e-04
6.783672724850475788e-04
6.823242874816060066e-04
6.863445742055773735e-04
6.904157926328480244e-04
6.945434724912047386e-04
6.987323868088424206e-04
7.029767730273306370e-04
7.072835578583180904e-04
7.116423221305012703e-04
7.160549866966903210e-04
7.205287693068385124e-04
7.250581984408199787e-04
7.296367548406124115e-04
7.342799217440187931e-04
7.389834499917924404e-04
7.437434396706521511e-04
7.485398673452436924e-04
7.534166797995567322e-04
7.583462283946573734e-04
7.633359055034816265e-04
7.683657458983361721e-04
7.734652026556432247e-04
7.786241476424038410e-04
7.838301826268434525e-04
7.890910492278635502e-04
7.944114040583372116e-04
7.997969514690339565e-04
8.052231278270483017e-04
8.107121684588491917e-04
8.162535959854722023e-04
8.218510774895548820e-04
8.274981519207358360e-04
8.332099532708525658e-04
8.389712893404066563e-04
8.447735453955829144e-04
8.506492595188319683e-04
8.565646712668240070e-04
8.625324699096381664e-04
8.685573120601475239e-04
8.746356470510363579e-04
8.807646809145808220e-04
8.869430166669189930e-04
8.931633201427757740e-04
8.994428208097815514e-04
9.057626593858003616e-04
9.121416369453072548e-04
9.185645030811429024e-04
9.250319562852382660e-04
9.315399220213294029e-04
9.380987612530589104e-04
9.446995100006461143e-04
9.513595141470432281e-04
9.580558980815112591e-04
9.647852275520563126e-04
9.715511696413159370e-04
9.783756686374545097e-04
9.852320654317736626e-04
9.921271121129393578e-04
9.990701219066977501e-04
1.006048871204257011e-03
1.013038214296102524e-03
1.020088559016585350e-03
1.027164165861904621e-03
1.034274231642484665e-03
1.041416078805923462e-03
1.048583071678876877e-03
1.055795233696699142e-03
1.063023926690220833e-03
1.070279628038406372e-03
1.077558496035635471e-03
1.084866584278643131e-03
1.092199585400521755e-03
1.099553774110972881e-03
1.106914714910089970e-03
1.114301616325974464e-03
1.121707609854638577e-03
1.129131531342864037e-03
1.136571983806788921e-03
1.144024194218218327e-03
1.151486998423933983e-03
1.158953411504626274e-03
1.166424714028835297e-03
1.173901371657848358e-03
1.181406900286674500e-03
1.188882626593112946e-03
1.196382567286491394e-03
1.203871914185583591e-03
1.211354625411331654e-03
1.218847231939435005e-03
1.226315973326563835e-03
1.233783899806439877e-03
1.241243211552500725e-03
1.248691463842988014e-03
1.256129471585154533e-03
1.263535232283174992e-03
1.270939712412655354e-03
1.278322888538241386e-03
1.285667647607624531e-03
1.292987260967493057e-03
1.300307339988648891e-03
1.307578058913350105e-03
1.314817927777767181e-03
1.322036492638289928e-03
1.329211983829736710e-03
1.336346263997256756e-03
1.343437004834413528e-03
1.350519363768398762e-03
1.357516972348093987e-03
1.364481635391712189e-03
1.371406367979943752e-03
1.378275104798376560e-03
1.385111710987985134e-03
1.391855883412063122e-03
1.398562453687191010e-03
1.405228860676288605e-03
1.411800389178097248e-03
1.418371684849262238e-03
1.424742047674953938e-03
1.431157346814870834e-03
1.437463215552270412e-03
1.443710410967469215e-03
1.449871226213872433e-03
1.455968711525201797e-03
1.461985753849148750e-03
1.467921072617173195e-03
1.473778043873608112e-03
1.479539438150823116e-03
1.485224114730954170e-03
1.490829628892242908e-03
1.496323267929255962e-03
1.501731923781335354e-03
1.507042674347758293e-03
1.512252376414835453e-03
1.517357071861624718e-03
1.522370614111423492e-03
1.527266576886177063e-03
1.532064750790596008e-03
1.536746742203831673e-03
1.541321165859699249e-03
1.545792212709784508e-03
1.550144050270318985e-03
1.554386690258979797e-03
1.558521878905594349e-03
1.562517834827303886e-03
1.566417631693184376e-03
1.570183667354285717e-03
1.573810353875160217e-03
1.577325980179011822e-03
1.580729265697300434e-03
1.583996345289051533e-03
1.587132341228425503e-03
1.590127125382423401e-03
1.592999673448503017e-03
1.595750916749238968e-03
1.598370494320988655e-03
1.600836869329214096e-03
1.603174488991498947e-03
1.605370896868407726e-03
1.607430167496204376e-03
1.609367784112691879e-03
1.611149986274540424e-03
1.612785039469599724e-03
1.614290056750178337e-03
1.615645596757531166e-03
1.616865163668990135e-03
1.617967267520725727e-03
1.618890208192169666e-03
1.619692426174879074e-03
1.620320603251457214e-03
1.620827824808657169e-03
1.621205359697341919e-03
1.621410017833113670e-03
