7.937819464132189751e-04
7.937934715300798416e-04
7.938360213302075863e-04
7.939024362713098526e-04
7.939966744743287563e-04
7.941276999190449715e-04
7.942764204926788807e-04
7.944559329189360142e-04
7.946570403873920441e-04
7.948912098072469234e-04
7.951547740958631039e-04
7.954416796565055847e-04
7.957617635838687420e-04
7.961076917126774788e-04
7.964716642163693905e-04
7.968738791532814503e-04
7.972987950779497623e-04
7.977521163411438465e-04
7.982341921888291836e-04
7.987369899637997150e-04
7.992669707164168358e-04
7.998253568075597286e-04
8.004198898561298847e-04
8.010309538803994656e-04
8.016738574951887131e-04
8.023433038033545017e-04
8.030425524339079857e-04
8.037692750804126263e-04
8.045246358960866928e-04
8.052976336330175400e-04
8.061049156822264194e-04
8.069338509812951088e-04
8.077913662418723106e-04
8.086755406111478806e-04
8.095827070064842701e-04
8.105258457362651825e-04
8.114858064800500870e-04
8.124728919938206673e-04
8.134873351082205772e-04
8.145239553414285183e-04
8.155940449796617031e-04
8.166940533556044102e-04
8.178162970580160618e-04
8.189608342945575714e-04
8.201346499845385551e-04
8.213238907046616077e-04
8.225425262935459614e-04
8.237949223257601261e-04
8.250667597167193890e-04
8.263673516921699047e-04
8.276983280666172504e-04
8.290564874187111855e-04
8.304402581416070461e-04
8.318503969348967075e-04
8.332855068147182465e-04
8.347412222065031528e-04
8.362238877452909946e-04
8.377245976589620113e-04
8.392591262236237526e-04
8.408033754676580429e-04
8.423798717558383942e-04
8.439833181910216808e-04
8.455997449345886707e-04
8.472470799461007118e-04
8.489214815199375153e-04
8.506256854161620140e-04
8.523509022779762745e-04
8.540992275811731815e-04
8.558701374568045139e-04
8.576617692597210407e-04
8.594741229899227619e-04
8.613010868430137634e-04
8.631519740447402000e-04
8.650308591313660145e-04
8.669313974678516388e-04
8.688535308465361595e-04
8.708039531484246254e-04
8.727741660550236702e-04
8.747593965381383896e-04
8.767736726440489292e-04
8.788037812337279320e-04
8.808512357063591480e-04
8.829250000417232513e-04
8.850178564898669720e-04
8.871397585608065128e-04
8.892691694200038910e-04
8.914264617487788200e-04
8.936029043979942799e-04
8.957996033132076263e-04
8.980191778391599655e-04
9.002482402138411999e-04
9.025060571730136871e-04
9.047779021784663200e-04
9.070707019418478012e-04
9.093760745599865913e-04
9.117012377828359604e-04
9.140423499047756195e-04
9.163995855487883091e-04
9.187806281261146069e-04
9.211737196892499924e-04
9.235888719558715820e-04
9.260138031095266342e-04
9.284568368457257748e-04
9.309093002229928970e-04
9.333847556263208389e-04
9.358745883218944073e-04
9.383779834024608135e-04
9.408902842551469803e-04
9.434236562810838223e-04
9.459693101234734058e-04
9.485261980444192886e-04
9.510970558039844036e-04
9.536750148981809616e-04
9.562819614075124264e-04
9.588845423422753811e-04
9.614997543394565582e-04
9.641364449635148048e-04
9.667749982327222824e-04
9.694263571873307228e-04
9.720919770188629627e-04
9.747677831910550594e-04
9.774488862603902817e-04
9.801392443478107452e-04
9.828407783061265945e-04
9.855433600023388863e-04
9.882603771984577179e-04
9.909799555316567421e-04
9.937079157680273056e-04
9.964396012946963310e-04
9.991854894906282425e-04
1.001931377686560154e-03
1.004682853817939758e-03
1.007439917884767056e-03
1.010197214782238007e-03
1.012965687550604343e-03
1.015735440887510777e-03
1.018508104607462883e-03
1.021288917399942875e-03
1.024055527523159981e-03
1.026846584863960743e-03
1.029629143886268139e-03
1.032403437420725822e-03
1.035184948705136776e-03
1.037972280755639076e-03
1.040751114487648010e-03
1.043532742187380791e-03
1.046306919306516647e-03
1.049082027748227119e-03
1.051851315423846245e-03
1.054621650837361813e-03
1.057393848896026611e-03
1.060150098055601120e-03
1.062903436832129955e-03
1.065663644112646580e-03
1.068404759280383587e-03
1.071146107278764248e-03
1.073876628652215004e-03
1.076608314178884029e-03
1.079322188161313534e-03
1.082036993466317654e-03
1.084733754396438599e-03
1.087426207959651947e-03
1.090106787160038948e-03
1.092774444259703159e-03
1.095431740395724773e-03
1.098075066693127155e-03
1.100712572224438190e-03
1.103329472243785858e-03
1.105940551497042179e-03
1.108541735447943211e-03
1.111130928620696068e-03
1.113703474402427673e-03
1.116253319196403027e-03
1.118800137192010880e-03
1.121321809478104115e-03
1.123841153457760811e-03
1.126345247030258179e-03
1.128816977143287659e-03
1.131267403252422810e-03
1.133698155172169209e-03
1.136121805757284164e-03
1.138530438765883446e-03
1.140912179835140705e-03
1.143262954428792000e-03
1.145601039752364159e-03
1.147902221418917179e-03
1.150186406448483467e-03
1.152441604062914848e-03
1.154676894657313824e-03
1.156886690296232700e-03
1.159064588136970997e-03
1.161232125014066696e-03
1.163363805972039700e-03
1.165469991974532604e-03
1.167554757557809353e-03
1.169612165540456772e-03
1.171650714240968227e-03
1.173664699308574200e-03
1.175653189420700073e-03
1.177594647742807865e-03
1.179528422653675079e-03
1.181409577839076519e-03
1.183265820145606995e-03
1.185089582577347755e-03
1.186884008347988129e-03
1.188655849546194077e-03
1.190375885926187038e-03
1.192079042084515095e-03
1.193754724226891994e-03
1.195387216284871101e-03
1.196979428641498089e-03
1.198556390590965748e-03
1.200080499984323978e-03
1.201571663841605186e-03
1.203041989356279373e-03
1.204464468173682690e-03
1.205858308821916580e-03
1.207210938446223736e-03
1.208517351187765598e-03
1.209814101457595825e-03
1.211067894473671913e-03
1.212259405292570591e-03
1.213439740240573883e-03
1.214569550938904285e-03
1.215653494000434875e-03
1.216711825691163540e-03
1.217721612192690372e-03
1.218702760525047779e-03
1.219631754793226719e-03
1.220524893142282963e-03
1.221382291987538338e-03
1.222192426212131977e-03
1.222970662638545036e-03
1.223696745000779629e-03
1.224388484843075275e-03
1.225043088197708130e-03
1.225655898451805115e-03
1.226217835210263729e-03
1.226745429448783398e-03
1.227229251526296139e-03
1.227670232765376568e-03
1.228075590915977955e-03
1.228436594828963280e-03
1.228748820722103119e-03
1.229031244292855263e-03
1.229263609275221825e-03
1.229443238116800785e-03
1.229593879543244839e-03
1.229705405421555042e-03
1.229763845913112164e-03
1.229790155775845051e-03
1.229766290634870529e-03
1.229703542776405811e-03
1.229593879543244839e-03
1.229437650181353092e-03
1.229255693033337593e-03
1.229030895046889782e-03
1.228748005814850330e-03
1.228428096510469913e-03
1.228080131113529205e-03
1.227664644829928875e-03
1.227234024554491043e-03
1.226742984727025032e-03
1.226207474246621132e-03
1.225644838996231556e-03
1.225036918185651302e-03
1.224386389367282391e-03
1.223694067448377609e-03
1.222961349412798882e-03
1.222190679982304573e-03
1.221373444423079491e-03
1.220527570694684982e-03
1.219633617438375950e-03
1.218705205246806145e-03
1.217725337482988834e-03
1.216700184158980846e-03
1.215660362504422665e-03
1.214569550938904285e-03
1.213429379276931286e-03
1.212263596244156361e-03
1.211052411235868931e-03
1.209807465784251690e-03
1.208523754030466080e-03
1.207214081659913063e-03
1.205850625410676003e-03
1.204460160806775093e-03
1.203039428219199181e-03
1.201576204039156437e-03
1.200077589601278305e-03
1.198546029627323151e-03
1.196983968839049339e-03
1.195391057990491390e-03
1.193754840642213821e-03
1.192087540403008461e-03
1.190389040857553482e-03
1.188645488582551479e-03
1.186877721920609474e-03
1.185094122774899006e-03
1.183266052976250648e-03
1.181414700113236904e-03
1.179522601887583733e-03
1.177609083242714405e-03
1.175662851892411709e-03
1.173671684227883816e-03
1.171663403511047363e-03
1.169621595181524754e-03
1.167556853033602238e-03
1.165475929155945778e-03
1.163363107480108738e-03
1.161231193691492081e-03
1.159068429842591286e-03
1.156884827651083469e-03
1.154676894657313824e-03
1.152441604062914848e-03
1.150187454186379910e-03
1.147901173681020737e-03
1.145595218986272812e-03
1.143271452747285366e-03
1.140911830589175224e-03
1.138520427048206329e-03
1.136119710281491280e-03
1.133707468397915363e-03
1.131274038925766945e-03
1.128810225054621696e-03
1.126339193433523178e-03
1.123844878748059273e-03
1.121331821195781231e-03
1.118803862482309341e-03
1.116257859393954277e-03
1.113699749112129211e-03
1.111129298806190491e-03
1.108544180169701576e-03
1.105939969420433044e-03
1.103330287151038647e-03
1.100708846934139729e-03
1.098077744245529175e-03
1.095428247936069965e-03
1.092772930860519409e-03
1.090105972252786160e-03
1.087428885512053967e-03
1.084734802134335041e-03
1.082036993466317654e-03
1.079321140423417091e-03
1.076605520211160183e-03
1.073878491297364235e-03
1.071141101419925690e-03
1.068401848897337914e-03
1.065658871084451675e-03
1.062898896634578705e-03
1.060147187672555447e-03
1.057391986250877380e-03
1.054622698575258255e-03
1.051853178068995476e-03
1.049083890393376350e-03
1.046307734213769436e-03
1.043527037836611271e-03
1.040749251842498779e-03
1.037967507727444172e-03
1.035181805491447449e-03
1.032402389682829380e-03
1.029632636345922947e-03
1.026846584863960743e-03
1.024057390168309212e-03
1.021294156089425087e-03
1.018512994050979614e-03
1.015730435028672218e-03
1.012962777167558670e-03
1.010204316116869450e-03
1.007441896945238113e-03
1.004685647785663605e-03
1.001936034299433231e-03
9.991873521357774734e-04
9.964355267584323883e-04
9.937088470906019211e-04
9.909789077937602997e-04
9.882616577669978142e-04
9.855418466031551361e-04
9.828412439674139023e-04
9.801347041502594948e-04
9.774502832442522049e-04
9.747711010277271271e-04
9.720906382426619530e-04
9.694225736893713474e-04
9.667759295552968979e-04
9.641334763728082180e-04
9.615030721761286259e-04
9.588786633685231209e-04
9.562752093188464642e-04
9.536767029203474522e-04
9.511018870398402214e-04
9.485185146331787109e-04
9.459640714339911938e-04
9.434224339202046394e-04
9.408889454789459705e-04
9.383761789649724960e-04
9.358722018077969551e-04
9.333819616585969925e-04
9.309086599387228489e-04
9.284459520131349564e-04
9.260087972506880760e-04
9.235825855284929276e-04
9.211715660057961941e-04
9.187785908579826355e-04
9.163990616798400879e-04
9.140413021668791771e-04
9.117000154219567776e-04
9.093757253140211105e-04
9.070594096556305885e-04
9.047790081240236759e-04
9.025094914250075817e-04
9.002526057884097099e-04
8.980128332041203976e-04
8.957980899140238762e-04
8.936068625189363956e-04
8.914294885471463203e-04
8.892704499885439873e-04
8.871357422322034836e-04
8.850240847095847130e-04
8.829293656162917614e-04
8.808596176095306873e-04
8.787990664131939411e-04
8.767713443376123905e-04
8.747662068344652653e-04
8.727697422727942467e-04
8.708002860657870770e-04
8.688556263223290443e-04
8.669326198287308216e-04
8.650333620607852936e-04
8.631591335870325565e-04
8.613027166575193405e-04
8.594741229899227619e-04
8.576575201004743576e-04
8.558658882975578308e-04
8.540992275811731815e-04
8.523509022779762745e-04
8.506266167387366295e-04
8.489258470945060253e-04
8.472503395751118660e-04
8.456066716462373734e-04
8.439785451628267765e-04
8.423773688264191151e-04
8.408084395341575146e-04
8.392557501792907715e-04
8.377299527637660503e-04
8.362216176465153694e-04
8.347420371137559414e-04
8.332821307703852654e-04
8.318503969348967075e-04
8.304423536173999310e-04
8.290607365779578686e-04
8.276986773125827312e-04
8.263702620752155781e-04
8.250735700130462646e-04
8.238069131039083004e-04
8.225540514104068279e-04
8.213327964767813683e-04
8.201355813071131706e-04
8.189603104256093502e-04
8.178157731890678406e-04
8.166944026015698910e-04
8.155918912962079048e-04
8.145220926962792873e-04
8.134852978400886059e-04
8.124683517962694168e-04
8.114840602502226830e-04
8.105213637463748455e-04
8.095872472040355206e-04
8.086720481514930725e-04
8.077900856733322144e-04
8.069346076808869839e-04
8.061050903052091599e-04
8.052976336330175400e-04
8.045202121138572693e-04
8.037696825340390205e-04
8.030448225326836109e-04
8.023476693779230118e-04
8.016732754185795784e-04
8.010330493561923504e-04
8.004222763702273369e-04
7.998328655958175659e-04
7.992761093191802502e-04
7.987369317561388016e-04
7.982345996424555779e-04
7.977522909641265869e-04
7.972969324328005314e-04
7.968716090545058250e-04
7.964748074300587177e-04
7.961060618981719017e-04
7.957599009387195110e-04
7.954464526847004890e-04
7.951529114507138729e-04
7.948973216116428375e-04
7.946579135023057461e-04
7.944570970721542835e-04
7.942764204926788807e-04
7.941238582134246826e-04
7.939969655126333237e-04
7.939010392874479294e-04
7.938365451991558075e-04
7.937923073768615723e-04
7.937799673527479172e-04
7.937923073768615723e-04
7.938402704894542694e-04
7.939013303257524967e-04
7.939976640045642853e-04
7.941271178424358368e-04
7.942759548313915730e-04
7.944554090499877930e-04
7.946563418954610825e-04
7.948962738737463951e-04
7.951560546644032001e-04
7.954442990012466908e-04
7.957615307532250881e-04
7.961058290675282478e-04
7.964736432768404484e-04
7.968725403770804405e-04
7.972978637553751469e-04
7.977502536959946156e-04
7.982345996424555779e-04
7.987344288267195225e-04
7.992735481821000576e-04
7.998328655958175659e-04
8.004183764569461346e-04
8.010272285901010036e-04
8.016706560738384724e-04
8.023446425795555115e-04
8.030436001718044281e-04
8.037658990360796452e-04
8.045203867368400097e-04
8.052918710745871067e-04
8.061024127528071404e-04
8.069268078543245792e-04
8.077834499999880791e-04
8.086701855063438416e-04
8.095850353129208088e-04
8.105138549581170082e-04
8.114819647744297981e-04
8.124670130200684071e-04
8.134826784953474998e-04
8.145234314724802971e-04
8.155920077115297318e-04
8.166935294866561890e-04
8.178132120519876480e-04
8.189607760868966579e-04
8.201345917768776417e-04
8.213336695916950703e-04
8.225520723499357700e-04
8.238028967753052711e-04
8.250745595432817936e-04
8.263702620752155781e-04
8.276986773125827312e-04
8.290603873319923878e-04
8.304421789944171906e-04
8.318492327816784382e-04
8.332811412401497364e-04
8.347397088073194027e-04
8.362164371646940708e-04
8.377245394513010979e-04
8.392438758164644241e-04
8.407986606471240520e-04
8.423623512499034405e-04
8.439642260782420635e-04
8.455962524749338627e-04
8.472446934320032597e-04
8.489232277497649193e-04
8.506256854161620140e-04
8.523509022779762745e-04
8.540992275811731815e-04
8.558658882975578308e-04
8.576575201004743576e-04
8.594783721491694450e-04
8.613020181655883789e-04
8.631615783087909222e-04
8.650355739519000053e-04
8.669337257742881775e-04
8.688597590662539005e-04
8.708004606887698174e-04
8.727682870812714100e-04
8.747674291953444481e-04
8.767666295170783997e-04
8.787953993305563927e-04
8.808542625047266483e-04
8.829280268400907516e-04
8.850226877257227898e-04
8.871360332705080509e-04
8.892703335732221603e-04
8.914303034543991089e-04
8.936087251640856266e-04
8.957986137829720974e-04
8.980166749097406864e-04
9.002523147501051426e-04
9.025103063322603703e-04
9.047812200151383877e-04
9.070641826838254929e-04
9.093776461668312550e-04
9.117069421336054802e-04
9.140462498180568218e-04
9.164026705548167229e-04
9.187801042571663857e-04
9.211748838424682617e-04
9.235811303369700909e-04
9.260079823434352875e-04
9.284461848437786102e-04
9.309075539931654930e-04
9.333835332654416561e-04
9.358731913380324841e-04
9.383761789649724960e-04
9.408883051946759224e-04
9.434215608052909374e-04
9.459650609642267227e-04
9.485186310485005379e-04
9.511010139249265194e-04
9.536760626360774040e-04
9.562780032865703106e-04
9.588794782757759094e-04
9.615031303837895393e-04
9.641360957175493240e-04
9.667770355008542538e-04
9.694258333183825016e-04
9.720954112708568573e-04
9.747692965902388096e-04
9.774519130587577820e-04
9.801358683034777641e-04
9.828421752899885178e-04
9.855431271716952324e-04
9.882638696581125259e-04
9.909827494993805885e-04
9.937097784131765366e-04
9.964433265849947929e-04
9.991882834583520889e-04
1.001941738650202751e-03
1.004689489491283894e-03
1.007445738650858402e-03
1.010203850455582142e-03
1.012966968119144440e-03
1.015736837871372700e-03
1.018515671603381634e-03
1.021296600811183453e-03
1.024064025841653347e-03
1.026846584863960743e-03
1.029632054269313812e-03
1.032406114973127842e-03
1.035184948705136776e-03
1.037967274896800518e-03
1.040744362398982048e-03
1.043526222929358482e-03
1.046303194016218185e-03
1.049078302457928658e-03
1.051849452778697014e-03
1.054615015164017677e-03
1.057388260960578918e-03
1.060140784829854965e-03
1.062896917574107647e-03
1.065658871084451675e-03
1.068399986252188683e-03
1.071136561222374439e-03
1.073877676390111446e-03
1.076608314178884029e-03
1.079324865713715553e-03
1.082039088942110538e-03
1.084737712517380714e-03
1.087428885512053967e-03
1.090108300559222698e-03
1.092774211429059505e-03
1.095431623980402946e-03
1.098080072551965714e-03
1.100711408071219921e-03
1.103336340747773647e-03
1.105942763388156891e-03
1.108544995076954365e-03
1.111128833144903183e-03
1.113696489483118057e-03
1.116255414672195911e-03
1.118799787946045399e-03
1.121331821195781231e-03
1.123837428167462349e-03
1.126347808167338371e-03
1.128815696574747562e-03
1.131276483647525311e-03
1.133714802563190460e-03
1.136124948970973492e-03
1.138537074439227581e-03
1.140913693234324455e-03
1.143274363130331039e-03
1.145596266724169254e-03
1.147902221418917179e-03
1.150187454186379910e-03
1.152443466708064079e-03
1.154676894657313824e-03
1.156884827651083469e-03
1.159070176072418690e-03
1.161229214631021023e-03
1.163362874649465084e-03
1.165470690466463566e-03
1.167555572465062141e-03
1.169611350633203983e-03
1.171648851595818996e-03
1.173664466477930546e-03
1.175664598122239113e-03
1.177606522105634212e-03
1.179520972073078156e-03
1.181414932943880558e-03
1.183265005238354206e-03
1.185096218250691891e-03
1.186884008347988129e-03
1.188648398965597153e-03
1.190380658954381943e-03
1.192080904729664326e-03
1.193748204968869686e-03
1.195390359498560429e-03
1.196986995637416840e-03
1.198553480207920074e-03
1.200082362629473209e-03
1.201585168018937111e-03
1.203046063892543316e-03
1.204470871016383171e-03
1.205859356559813023e-03
1.207227003760635853e-03
1.208533765748143196e-03
1.209817128255963326e-03
1.211057766340672970e-03
1.212266040965914726e-03
1.213429379276931286e-03
1.214568736031651497e-03
1.215660595335066319e-03
1.216705772094428539e-03
1.217720098793506622e-03
1.218700082972645760e-03
1.219629659317433834e-03
1.220525475218892097e-03
1.221372396685183048e-03
1.222184509970247746e-03
1.222958671860396862e-03
1.223689760081470013e-03
1.224382314831018448e-03
1.225034357048571110e-03
1.225639716722071171e-03
1.226201420649886131e-03
1.226740074343979359e-03
1.227225526235997677e-03
1.227661501616239548e-03
1.228072680532932281e-03
1.228423090651631355e-03
1.228742417879402637e-03
1.229029265232384205e-03
1.229258254170417786e-03
1.229435321874916553e-03
1.229587476700544357e-03
1.229700632393360138e-03
1.229762798175215721e-03
1.229784102179110050e-03
1.229763147421181202e-03
1.229701447300612926e-03
1.229594112373888493e-03
1.229436369612812996e-03
1.229259883984923363e-03
1.229022396728396416e-03
1.228742417879402637e-03
1.228434499353170395e-03
1.228071283549070358e-03
1.227663597092032433e-03
1.227224129252135754e-03
1.226738211698830128e-03
1.226215506903827190e-03
1.225650077685713768e-03
1.225030282512307167e-03
1.224379753693938255e-03
1.223688246682286263e-03
1.222961815074086189e-03
1.222186372615396976e-03
1.221382175572216511e-03
1.220522332005202770e-03
1.219627214595675468e-03
1.218697754666209221e-03
1.217720098793506622e-03
1.216708915308117867e-03
1.215660944581031799e-03
1.214571646414697170e-03
1.213437877595424652e-03
1.212266040965914726e-03
1.211069407872855663e-03
1.209817943163216114e-03
1.208529807627201080e-03
1.207225373946130276e-03
1.205868436954915524e-03
1.204481115564703941e-03
1.203055959194898605e-03
1.201585750095546246e-03
1.200094353407621384e-03
1.198561978526413441e-03
1.196986995637416840e-03
1.195390126667916775e-03
1.193750067614018917e-03
1.192081253975629807e-03
1.190385315567255020e-03
1.188650261610746384e-03
1.186887850053608418e-03
1.185092376545071602e-03
1.183269545435905457e-03
1.181409927085042000e-03
1.179526094347238541e-03
1.177589292638003826e-03
1.175642828457057476e-03
1.173656200990080833e-03
1.171640236862003803e-03
1.169612049125134945e-03
1.167552894912660122e-03
1.165471854619681835e-03
1.163360895588994026e-03
1.161229214631021023e-03
1.159068313427269459e-03
1.156887738034129143e-03
1.154675032012164593e-03
1.152441604062914848e-03
1.150186406448483467e-03
1.147902221418917179e-03
1.145603717304766178e-03
1.143269590102136135e-03
1.140919281169772148e-03
1.138543710112571716e-03
1.136132981628179550e-03
1.133708166889846325e-03
1.131276367232203484e-03
1.128820935264229774e-03
1.126353279687464237e-03
1.123845460824668407e-03
1.121326931752264500e-03
1.118801650591194630e-03
1.116255996748805046e-03
1.113701844587922096e-03
1.111131045036017895e-03
1.108544529415667057e-03
1.105944626033306122e-03
1.103334827348589897e-03
1.100713387131690979e-03
1.098080538213253021e-03
1.095431740395724773e-03
1.092778169550001621e-03
1.090110512450337410e-03
1.087428303435444832e-03
1.084734802134335041e-03
1.082032918930053711e-03
1.079318462871015072e-03
1.076604705303907394e-03
1.073873718269169331e-03
1.071142149157822132e-03
1.068405807018280029e-03
1.065662596374750137e-03
1.062898896634578705e-03
1.060145325027406216e-03
1.057393033988773823e-03
1.054621650837361813e-03
1.051846542395651340e-03
1.049079117365181446e-03
1.046305056661367416e-03
1.043529948219656944e-03
1.040745410136878490e-03
1.037965645082294941e-03
1.035184133797883987e-03
1.032402156852185726e-03
1.029623439535498619e-03
1.026843325234949589e-03
1.024057855829596519e-03
1.021287054754793644e-03
1.018505310639739037e-03
1.015732297673821449e-03
1.012965571135282516e-03
1.010201871395111084e-03
1.007443759590387344e-03
1.004684134386479855e-03
1.001928932964801788e-03
9.991854894906282425e-04
9.964423952624201775e-04
9.937077993527054787e-04
9.909812361001968384e-04
9.882616577669978142e-04
9.855412645265460014e-04
9.828346082940697670e-04
9.801367996260523796e-04
9.774470236152410507e-04
9.747704025357961655e-04
9.720929665490984917e-04
9.694264736026525497e-04
9.667751728557050228e-04
9.641320793889462948e-04
9.614980081096291542e-04
9.588827961124479771e-04
9.562800987623631954e-04
9.536726865917444229e-04
9.510938543826341629e-04
9.485224727541208267e-04
9.459655848331749439e-04
9.434196399524807930e-04
9.408876067027449608e-04
9.383742581121623516e-04
9.358703391626477242e-04
9.333798661828041077e-04
9.309056913480162621e-04
9.284510160796344280e-04
9.260091464966535568e-04
9.235861944034695625e-04
9.211703436449170113e-04
9.187745163217186928e-04
9.163971990346908569e-04
9.140404872596263885e-04
9.117024601437151432e-04
9.093777625821530819e-04
9.070719825103878975e-04
9.047799976542592049e-04
9.025094332173466682e-04
9.002514416351914406e-04
8.980229031294584274e-04
8.958026301115751266e-04
8.936063386499881744e-04
8.914272766560316086e-04
8.892723126336932182e-04
8.871418540365993977e-04
8.850206504575908184e-04
8.829263970255851746e-04
8.808498969301581383e-04
8.788037812337279320e-04
8.767779800109565258e-04
8.747631218284368515e-04
8.727762615308165550e-04
8.708076784387230873e-04
8.688599918968975544e-04
8.669368689879775047e-04
8.650355739519000053e-04
8.631591335870325565e-04
8.613041718490421772e-04
8.594783721491694450e-04
8.576619438827037811e-04
8.558701374568045139e-04
8.540992275811731815e-04
8.523509022779762745e-04
8.506238227710127831e-04
8.489214815199375153e-04
8.472446352243423462e-04
8.455943898297846317e-04
8.439733064733445644e-04
8.423762046732008457e-04
8.407987188547849655e-04
8.392593590542674065e-04
8.377229678444564342e-04
8.362231892533600330e-04
8.347413386218249798e-04
8.332857396453619003e-04
8.318522595800459385e-04
8.304402581416070461e-04
8.290561381727457047e-04
8.276988519355654716e-04
8.263680501841008663e-04
8.250676328316330910e-04
8.237921865656971931e-04
8.225463097915053368e-04
8.213252294808626175e-04
8.201390737667679787e-04
8.189603104256093502e-04
8.178178104571998119e-04
8.166973129846155643e-04
8.155966061167418957e-04
8.145246538333594799e-04
8.134849485941231251e-04
8.124674786813557148e-04
8.114840602502226830e-04
8.105181041173636913e-04
8.095760713331401348e-04
8.086722809821367264e-04
8.077882230281829834e-04
8.069307659752666950e-04
8.061044500209391117e-04
8.052962366491556168e-04
8.045207941904664040e-04
8.037696243263781071e-04
8.030395838432013988e-04
8.023416157811880112e-04
8.016711799427866936e-04
8.010320598259568214e-04
8.004205883480608463e-04
7.998282671906054020e-04
7.992672617547214031e-04
7.987349526956677437e-04
7.982332608662545681e-04
7.977481582202017307e-04
7.972978637553751469e-04
7.968748686835169792e-04
7.964727119542658329e-04
7.961066439747810364e-04
7.957599009387195110e-04
7.954416796565055847e-04
7.951520965434610844e-04
7.948925485834479332e-04
7.946574478410184383e-04
7.944539538584649563e-04
7.942755473777651787e-04
7.941262447275221348e-04
7.939969655126333237e-04
7.939010974951088428e-04
7.938374765217304230e-04
7.937927148304879665e-04
