1.208708272315561771e-03
1.208686036989092827e-03
1.208639820106327534e-03
1.208532950840890408e-03
1.208401867188513279e-03
1.208241563290357590e-03
1.208025380037724972e-03
1.207785797305405140e-03
1.207487424835562706e-03
1.207160064950585365e-03
1.206806511618196964e-03
1.206401386298239231e-03
1.205977867357432842e-03
1.205504056997597218e-03
1.204982865601778030e-03
1.204436994157731533e-03
1.203855150379240513e-03
1.203233725391328335e-03
1.202579238452017307e-03
1.201882609166204929e-03
1.201142091304063797e-03
1.200378290377557278e-03
1.199583290144801140e-03
1.198742655105888844e-03
1.197869540192186832e-03
1.196958008222281933e-03
1.196008524857461452e-03
1.195044489577412605e-03
1.194028533063828945e-03
1.192976720631122589e-03
1.191897434182465076e-03
1.190777635201811790e-03
1.189628150314092636e-03
1.188439666293561459e-03
1.187224057503044605e-03
1.185982138849794865e-03
1.184703549370169640e-03
1.183384098112583160e-03
1.182042411528527737e-03
1.180658815428614616e-03
1.179243321530520916e-03
1.177813159301877022e-03
1.176339341327548027e-03
1.174839911982417107e-03
1.173310098238289356e-03
1.171744079329073429e-03
1.170152798295021057e-03
1.168536371551454067e-03
1.166882924735546112e-03
1.165199559181928635e-03
1.163495588116347790e-03
1.161763211712241173e-03
1.160004525445401669e-03
1.158223603852093220e-03
1.156424288637936115e-03
1.154591795057058334e-03
1.152742072008550167e-03
1.150865340605378151e-03
1.148968236520886421e-03
1.147031784057617188e-03
1.145088928751647472e-03
1.143121044151484966e-03
1.141119166277348995e-03
1.139107625931501389e-03
1.137056970037519932e-03
1.135003753006458282e-03
1.132928067818284035e-03
1.130832708440721035e-03
1.128718955442309380e-03
1.126581453718245029e-03
1.124418922699987888e-03
1.122227520681917667e-03
1.120015163905918598e-03
1.117801526561379433e-03
1.115555991418659687e-03
1.113313483074307442e-03
1.111039076931774616e-03
1.108747790567576885e-03
1.106435433030128479e-03
1.104123075492680073e-03
1.101796166040003300e-03
1.099451910704374313e-03
1.097104046493768692e-03
1.094741281121969223e-03
1.092375721782445908e-03
1.089983270503580570e-03
1.087585929781198502e-03
1.085168332792818546e-03
1.082746079191565514e-03
1.080321264453232288e-03
1.077872351743280888e-03
1.075422740541398525e-03
1.072969171218574047e-03
1.070509548299014568e-03
1.068036421202123165e-03
1.065558753907680511e-03
1.063072821125388145e-03
1.060578855685889721e-03
1.058085472323000431e-03
1.055584871210157871e-03
1.053081592544913292e-03
1.050563412718474865e-03
1.048044767230749130e-03
1.045522163622081280e-03
1.042997930198907852e-03
1.040479284711182117e-03
1.037950511090457439e-03
1.035418128594756126e-03
1.032886677421629429e-03
1.030359882861375809e-03
1.027824822813272476e-03
1.025301869958639145e-03
1.022755168378353119e-03
1.020249561406672001e-03
1.017708913423120975e-03
1.015178859233856201e-03
1.012656604871153831e-03
1.010137028060853481e-03
1.007620361633598804e-03
1.005112892016768456e-03
1.002603559754788876e-03
1.000093878246843815e-03
9.975904831662774086e-04
9.950996609404683113e-04
9.926051134243607521e-04
9.901262819766998291e-04
9.876480326056480408e-04
9.851747890934348106e-04
9.827064350247383118e-04
9.802567074075341225e-04
9.778048843145370483e-04
9.753579506650567055e-04
9.729268494993448257e-04
9.704945259727537632e-04
9.680782095529139042e-04
9.656702750362455845e-04
9.632743895053863525e-04
9.608961408957839012e-04
9.585073566995561123e-04
9.561472106724977493e-04
9.537920122966170311e-04
9.514468838460743427e-04
9.491149685345590115e-04
9.467987692914903164e-04
9.444940369576215744e-04
9.422012371942400932e-04
9.399255504831671715e-04
9.376464877277612686e-04
9.353950154036283493e-04
9.331581532023847103e-04
9.309330489486455917e-04
9.287166176363825798e-04
9.265144472010433674e-04
9.243388776667416096e-04
9.221674990840256214e-04
9.200154454447329044e-04
9.178760228678584099e-04
9.157557506114244461e-04
9.136500884778797626e-04
9.115615976043045521e-04
9.094885317608714104e-04
9.074392146430909634e-04
9.054082329384982586e-04
9.033856913447380066e-04
9.013776434585452080e-04
8.993941592052578926e-04
8.974309312179684639e-04
8.954839431680738926e-04
8.935588994063436985e-04
8.916500373743474483e-04
8.897666702978312969e-04
8.878963417373597622e-04
8.860384696163237095e-04
8.842024835757911205e-04
8.823861135169863701e-04
8.805926190689206123e-04
8.788181003183126450e-04
8.770562708377838135e-04
8.753137080930173397e-04
8.735915180295705795e-04
8.718946482986211777e-04
8.702175109647214413e-04
8.685763459652662277e-04
8.669403032399713993e-04
8.653481490910053253e-04
8.637591963633894920e-04
8.621868328191339970e-04
8.606442133896052837e-04
8.591131190769374371e-04
8.576047257520258427e-04
8.561172871850430965e-04
8.546579629182815552e-04
8.532229112461209297e-04
8.518123649992048740e-04
8.504205034114420414e-04
8.490586187690496445e-04
8.477121009491384029e-04
8.464015554636716843e-04
8.451099856756627560e-04
8.438345976173877716e-04
8.425887790508568287e-04
8.413553005084395409e-04
8.401481318287551403e-04
8.389675058424472809e-04
8.378049824386835098e-04
8.366698748432099819e-04
8.355448953807353973e-04
8.344660745933651924e-04
8.334012818522751331e-04
8.323636720888316631e-04
8.313460275530815125e-04
8.303580107167363167e-04
8.293951977975666523e-04
8.284454816021025181e-04
8.275338914245367050e-04
8.266297518275678158e-04
8.257647277787327766e-04
8.249169914051890373e-04
8.240940514951944351e-04
8.233021944761276245e-04
8.225263445638120174e-04
8.217765716835856438e-04
8.210581727325916290e-04
8.203577599488198757e-04
8.196870912797749043e-04
8.190470398403704166e-04
8.184196776710450649e-04
8.178252028301358223e-04
8.172508678399026394e-04
8.167080814018845558e-04
8.161920122802257538e-04
8.156832773238420486e-04
8.152286754921078682e-04
8.147742482833564281e-04
8.143518352881073952e-04
8.139632991515100002e-04
8.135967655107378960e-04
8.132529328577220440e-04
8.129321504384279251e-04
8.126462926156818867e-04
8.123683510348200798e-04
8.121331920847296715e-04
8.119172416627407074e-04
8.117284742183983326e-04
8.115622331388294697e-04
8.114149095490574837e-04
8.112978539429605007e-04
8.112048381008207798e-04
8.111553033813834190e-04
8.111072820611298084e-04
8.110957569442689419e-04
8.111064089462161064e-04
8.111537899821996689e-04
8.112096111290156841e-04
8.112984942272305489e-04
8.114148513413965702e-04
8.115650271065533161e-04
8.117284742183983326e-04
8.119060075841844082e-04
8.121361606754362583e-04
8.123685256578028202e-04
8.126485627144575119e-04
8.129340712912380695e-04
8.132506627589464188e-04
8.135939715430140495e-04
8.139669080264866352e-04
8.143577142618596554e-04
8.147789631038904190e-04
8.152188966050744057e-04
8.156888070516288280e-04
8.161837467923760414e-04
8.167139603756368160e-04
8.172590751200914383e-04
8.178309071809053421e-04
8.184236939996480942e-04
8.190389489755034447e-04
8.196904091164469719e-04
8.203634060919284821e-04
8.210535743273794651e-04
8.217786089517176151e-04
8.225195342674851418e-04
8.232971886172890663e-04
8.240950992330908775e-04
8.249169914051890373e-04
8.257567533291876316e-04
8.266275981441140175e-04
8.275255677290260792e-04
8.284484501928091049e-04
8.293838473036885262e-04
8.303548675030469894e-04
8.313480648212134838e-04
8.323673973791301250e-04
8.333975565619766712e-04
8.344695088453590870e-04
8.355507743544876575e-04
8.366677793674170971e-04
8.377954363822937012e-04
8.389664581045508385e-04
8.401480154134333134e-04
8.413613541051745415e-04
8.425804553553462029e-04
8.438398945145308971e-04
8.451144094578921795e-04
8.463987032882869244e-04
8.477215305902063847e-04
8.490707841701805592e-04
8.504262077622115612e-04
8.518203976564109325e-04
8.532221545465290546e-04
8.546601166017353535e-04
8.561172871850430965e-04
8.575991378165781498e-04
8.591135847382247448e-04
8.606464252807199955e-04
8.621911401860415936e-04
8.637479622848331928e-04
8.653329568915069103e-04
8.669520611874759197e-04
8.685648208484053612e-04
8.702139602974057198e-04
8.718930766917765141e-04
8.735933806747198105e-04
8.753134752623736858e-04
8.770529530011117458e-04
8.788158884271979332e-04
8.805879624560475349e-04
8.823835523799061775e-04
8.842017850838601589e-04
8.860316011123359203e-04
8.878898224793374538e-04
8.897633524611592293e-04
8.916452643461525440e-04
8.935511577874422073e-04
8.954748627729713917e-04
8.974223746918141842e-04
8.993956143967807293e-04
9.013765375129878521e-04
9.033837704919278622e-04
9.054084075614809990e-04
9.074453264474868774e-04
9.094946435652673244e-04
9.115688735619187355e-04
9.136498556472361088e-04
9.157582535408437252e-04
9.178824257105588913e-04
9.200152126140892506e-04
9.221684304066002369e-04
9.243360836990177631e-04
9.265120606869459152e-04
9.287171997129917145e-04
9.309322340413928032e-04
9.331571054644882679e-04
9.353954228572547436e-04
9.376521920785307884e-04
9.399219416081905365e-04
9.422002476640045643e-04
9.444920578971505165e-04
9.467962081544101238e-04
9.491153759881854057e-04
9.514478151686489582e-04
9.537995792925357819e-04
9.561488404870033264e-04
9.585086954757571220e-04
9.608998661860823631e-04
9.632769506424665451e-04
9.656698093749582767e-04
9.680755902081727982e-04
9.704928379505872726e-04
9.729224257171154022e-04
9.753570193424820900e-04
9.778119856491684914e-04
9.802569402381777763e-04
9.827045723795890808e-04
9.851761860772967339e-04
9.876480326056480408e-04
9.901301236823201180e-04
9.926089551299810410e-04
9.950976818799972534e-04
9.975942084565758705e-04
1.000093761831521988e-03
1.002606819383800030e-03
1.005109865218400955e-03
1.007613493129611015e-03
1.010141801089048386e-03
1.012659282423555851e-03
1.015179441310465336e-03
1.017700647935271263e-03
1.020235358737409115e-03
1.022755983285605907e-03
1.025301869958639145e-03
1.027817488647997379e-03
1.030349987559020519e-03
1.032890984788537025e-03
1.035412773489952087e-03
1.037950511090457439e-03
1.040480565279722214e-03
1.042997930198907852e-03
1.045525190420448780e-03
1.048037200234830379e-03
1.050559454597532749e-03
1.053070067428052425e-03
1.055584987625479698e-03
1.058086520060896873e-03
1.060580252669751644e-03
1.063069445081055164e-03
1.065555610693991184e-03
1.068028272129595280e-03
1.070495578460395336e-03
1.072966610081493855e-03
1.075426000170409679e-03
1.077871769666671753e-03
1.080311485566198826e-03
1.082743750885128975e-03
1.085180090740323067e-03
1.087589887902140617e-03
1.089982339181005955e-03
1.092365710064768791e-03
1.094747218303382397e-03
1.097114756703376770e-03
1.099463086575269699e-03
1.101794769056141376e-03
1.104121794924139977e-03
1.106451149098575115e-03
1.108736265450716019e-03
1.111027086153626442e-03
1.113313250243663788e-03
1.115559833124279976e-03
1.117806648835539818e-03
1.120037632063031197e-03
1.122242072597146034e-03
1.124424277804791927e-03
1.126580173149704933e-03
1.128717674873769283e-03
1.130838063545525074e-03
1.132929348386824131e-03
1.135006546974182129e-03
1.137067447416484356e-03
1.139102503657341003e-03
1.141127082519233227e-03
1.143112895078957081e-03
1.145083340816199780e-03
1.147033763118088245e-03
1.148960320279002190e-03
1.150866388343274593e-03
1.152736949734389782e-03
1.154591678641736507e-03
1.156419864855706692e-03
1.158219762146472931e-03
1.160012441687285900e-03
1.161773689091205597e-03
1.163498149253427982e-03
1.165210851468145847e-03
1.166892121545970440e-03
1.168543007224798203e-03
1.170154777355492115e-03
1.171745127066969872e-03
1.173302065581083298e-03
1.174830016680061817e-03
1.176341553218662739e-03
1.177808386273682117e-03
1.179242390207946301e-03
1.180651946924626827e-03
1.182039501145482063e-03
1.183383050374686718e-03
1.184700173325836658e-03
1.185981789603829384e-03
1.187236979603767395e-03
1.188441412523388863e-03
1.189628615975379944e-03
1.190776471048593521e-03
1.191898947581648827e-03
1.192973577417433262e-03
1.194029930047690868e-03
1.195042976178228855e-03
1.196024823002517223e-03
1.196968951262533665e-03
1.197871984913945198e-03
1.198746380396187305e-03
1.199585502035915852e-03
1.200387021526694298e-03
1.201158971525728703e-03
1.201883191242814064e-03
1.202582265250384808e-03
1.203235937282443047e-03
1.203852822072803974e-03
1.204439904540777206e-03
1.204982399940490723e-03
1.205506268888711929e-03
1.205975539050996304e-03
1.206413377076387405e-03
1.206805929541587830e-03
1.207178924232721329e-03
1.207487424835562706e-03
1.207782537676393986e-03
1.208029803819954395e-03
1.208239700645208359e-03
1.208400586619973183e-03
1.208532950840890408e-03
1.208641566336154938e-03
1.208694884553551674e-03
1.208708388730883598e-03
1.208688830956816673e-03
1.208642846904695034e-03
1.208533416502177715e-03
1.208401750773191452e-03
1.208240981213748455e-03
1.208029570989310741e-03
1.207784865982830524e-03
1.207485096529126167e-03
1.207178924232721329e-03
1.206804648973047733e-03
1.206413842737674713e-03
1.205976004712283611e-03
1.205506268888711929e-03
1.204979023896157742e-03
1.204435247927904129e-03
1.203849213197827339e-03
1.203230815008282661e-03
1.202578889206051826e-03
1.201875973492860794e-03
1.201152103021740913e-03
1.200382946990430355e-03
1.199579332023859024e-03
1.198740443214774132e-03
1.197869656607508659e-03
1.196964411064982414e-03
1.196019933559000492e-03
1.195035176351666451e-03
1.194022013805806637e-03
1.192970317788422108e-03
1.191893126815557480e-03
1.190769486129283905e-03
1.189626404084265232e-03
1.188442693091928959e-03
1.187234651297330856e-03
1.185977016575634480e-03
1.184700871817767620e-03
1.183385611511766911e-03
1.182041247375309467e-03
1.180665101855993271e-03
1.179252401925623417e-03
1.177816418930888176e-03
1.176345394924283028e-03
1.174832577817142010e-03
1.173305325210094452e-03
1.171743264421820641e-03
1.170160132460296154e-03
1.168537070043385029e-03
1.166881411336362362e-03
1.165201654657721519e-03
1.163493026979267597e-03
1.161763211712241173e-03
1.160011161118745804e-03
1.158218248747289181e-03
1.156416255980730057e-03
1.154592959210276604e-03
1.152737182565033436e-03
1.150867668911814690e-03
1.148965675383806229e-03
1.147035858593881130e-03
1.145086134783923626e-03
1.143118483014404774e-03
1.141128363087773323e-03
1.139110652729868889e-03
1.137064886279404163e-03
1.135006314143538475e-03
1.132931909523904324e-03
1.130832708440721035e-03
1.128713600337505341e-03
1.126566901803016663e-03
1.124407164752483368e-03
1.122218323871493340e-03
1.120021799579262733e-03
1.117796171456575394e-03
1.115560531616210938e-03
1.113311969675123692e-03
1.111027318984270096e-03
1.108734984882175922e-03
1.106447423808276653e-03
1.104115159250795841e-03
1.101788133382797241e-03
1.099462737329304218e-03
1.097111846320331097e-03
1.094749779440462589e-03
1.092372345738112926e-03
1.089986530132591724e-03
1.087593962438404560e-03
1.085183001123368740e-03
1.082749222405254841e-03
1.080311951227486134e-03
1.077875611372292042e-03
1.075430773198604584e-03
1.072969171218574047e-03
1.070500118657946587e-03
1.068030134774744511e-03
1.065556309185922146e-03
1.063067466020584106e-03
1.060578390024602413e-03
1.058082678355276585e-03
1.055585104040801525e-03
1.053070882335305214e-03
1.050556660629808903e-03
1.048035454005002975e-03
1.045522163622081280e-03
1.042999210767447948e-03
1.040476607158780098e-03
1.037948182784020901e-03
1.035416382364928722e-03
1.032888772897422314e-03
1.030349987559020519e-03
1.027822261676192284e-03
1.025305129587650299e-03
1.022760174237191677e-03
1.020233728922903538e-03
1.017705304548144341e-03
1.015183399431407452e-03
1.012665452435612679e-03
1.010141219012439251e-03
1.007620710879564285e-03
1.005110330879688263e-03
1.002608682028949261e-03
1.000093878246843815e-03
9.975933935493230820e-04
9.951033862307667732e-04
9.926093043759465218e-04
9.901288431137800217e-04
9.876475669443607330e-04
9.851775830611586571e-04
9.827114408835768700e-04
9.802615968510508537e-04
9.778132662177085876e-04
9.753607446327805519e-04
9.729251032695174217e-04
9.704945841804146767e-04
9.680815273895859718e-04
9.656716138124465942e-04
9.632811998017132282e-04
9.608987602405250072e-04
9.585115476511418819e-04
9.561526821926236153e-04
9.537970763631165028e-04
9.514486882835626602e-04
9.491188102401793003e-04
9.467981290072202682e-04
9.444943862035870552e-04
9.421998984180390835e-04
9.399206610396504402e-04
9.376506204716861248e-04
9.353933273814618587e-04
9.331543114967644215e-04
9.309271699748933315e-04
9.287098073400557041e-04
9.265066473744809628e-04
9.243292151950299740e-04
9.221592918038368225e-04
9.200062486343085766e-04
9.178765467368066311e-04
9.157549357041716576e-04
9.136430453509092331e-04
9.115655557252466679e-04
9.094914421439170837e-04
9.074443369172513485e-04
9.054074762389063835e-04
9.033841779455542564e-04
9.013769449666142464e-04
8.993993396870791912e-04
8.974288939498364925e-04
8.954824297688901424e-04
8.935568621382117271e-04
8.916508522816002369e-04
8.897689403966069221e-04
8.878927328623831272e-04
8.860349189490079880e-04
8.841998642310500145e-04
8.823834359645843506e-04
8.805884863249957561e-04
8.788135601207613945e-04
8.770529530011117458e-04
8.753143483772873878e-04
8.735933224670588970e-04
8.718923781998455524e-04
8.702147752046585083e-04
8.685660432092845440e-04
8.669534581713378429e-04
8.653366239741444588e-04
8.637493010610342026e-04
8.621913730166852474e-04
8.606454357504844666e-04
8.591143414378166199e-04
8.575999527238309383e-04
8.561172871850430965e-04
8.546572062186896801e-04
8.532149950042366982e-04
8.518167887814342976e-04
8.504223660565912724e-04
8.490671752952039242e-04
8.477215887978672981e-04
8.463978883810341358e-04
8.451156900264322758e-04
8.438414661213755608e-04
8.425760315731167793e-04
8.413604227825999260e-04
8.401478989981114864e-04
8.389650029130280018e-04
8.377981139346957207e-04
8.366723777726292610e-04
8.355544996447861195e-04
8.344746311195194721e-04
8.334030280821025372e-04
8.323707152158021927e-04
8.313516154885292053e-04
8.303571958094835281e-04
8.293854771181941032e-04
8.284506038762629032e-04
8.275273139588534832e-04
8.266305667348206043e-04
8.257590234279632568e-04
8.249202510342001915e-04
8.240967872552573681e-04
8.232971886172890663e-04
8.225193014368414879e-04
8.217800641432404518e-04
8.210535743273794651e-04
8.203590405173599720e-04
8.196887793019413948e-04
8.190407534129917622e-04
8.184251491911709309e-04
8.178298012353479862e-04
8.172572706826031208e-04
8.167148916982114315e-04
8.161798468790948391e-04
8.156871772371232510e-04
8.152162772603332996e-04
8.147771586664021015e-04
8.143573650158941746e-04
8.139684214256703854e-04
8.135964162647724152e-04
8.132534567266702652e-04
8.129326743073761463e-04
8.126473403535783291e-04
8.123696898110210896e-04
8.121369755826890469e-04
8.119065314531326294e-04
8.117264951579272747e-04
8.115621167235076427e-04
8.114165975712239742e-04
8.113006479106843472e-04
8.112083305604755878e-04
8.111522183753550053e-04
8.111069910228252411e-04
8.110977942124009132e-04
8.111034403555095196e-04
8.111501811072230339e-04
8.112046052701771259e-04
8.112968062050640583e-04
8.114154916256666183e-04
8.115619421005249023e-04
8.117277757264673710e-04
8.119172416627407074e-04
8.121354039758443832e-04
8.123655570670962334e-04
8.126479806378483772e-04
8.129327907226979733e-04
8.132542134262621403e-04
8.135957759805023670e-04
8.139656274579465389e-04
8.143534651026129723e-04
8.147740736603736877e-04
8.152307127602398396e-04
8.156832773238420486e-04
8.161962032318115234e-04
8.167102932929992676e-04
8.172544767148792744e-04
8.178220596164464951e-04
8.184215403161942959e-04
8.190453518182039261e-04
8.196882554329931736e-04
8.203566540032625198e-04
8.210544474422931671e-04
8.217771537601947784e-04
8.225274505093693733e-04
8.233010885305702686e-04
8.240982424467802048e-04
8.249191450886428356e-04
8.257693261839449406e-04
8.266351069323718548e-04
8.275363361462950706e-04
8.284464711323380470e-04
8.293941500596702099e-04
8.303583599627017975e-04
8.313478319905698299e-04
8.323653601109981537e-04
8.334016310982406139e-04
8.344701491296291351e-04
8.355458849109709263e-04
8.366692345589399338e-04
8.378057391382753849e-04
8.389697759412229061e-04
8.401459781453013420e-04
8.413557079620659351e-04
8.425872656516730785e-04
8.438322693109512329e-04
8.451072499155998230e-04
8.463955018669366837e-04
8.477101800963282585e-04
8.490572799928486347e-04
8.504172437824308872e-04
8.518108516000211239e-04
8.532185456715524197e-04
8.546555181965231895e-04
8.561160648241639137e-04
8.576003601774573326e-04
8.591134101152420044e-04
8.606454939581453800e-04
8.621870074421167374e-04
8.637621649540960789e-04
8.653510594740509987e-04
8.669483358971774578e-04
8.685836219228804111e-04
8.702190825715661049e-04
8.718943572603166103e-04
8.735921583138406277e-04
8.753132424317300320e-04
8.770561544224619865e-04
8.788175182417035103e-04
8.805918623693287373e-04
8.823858806863427162e-04
8.842012612149119377e-04
8.860403322614729404e-04
8.878982043825089931e-04
8.897680090740323067e-04
8.916477672755718231e-04
8.935544174164533615e-04
8.954806253314018250e-04
8.974269730970263481e-04
8.993932860903441906e-04
9.013778762891888618e-04
9.033869137056171894e-04
9.054087568074464798e-04
9.074462577700614929e-04
9.094901033677160740e-04
9.115636930800974369e-04
9.136486332863569260e-04
9.157508029602468014e-04
9.178702603094279766e-04
9.200092172250151634e-04
9.221616201102733612e-04
9.243321255780756474e-04
9.265110129490494728e-04
9.287105058319866657e-04
9.309299639426171780e-04
9.331555920653045177e-04
9.353936184197664261e-04
9.376471862196922302e-04
9.399232221767306328e-04
9.421979193575680256e-04
9.444918250665068626e-04
9.467965574003756046e-04
9.491148521192371845e-04
9.514478151686489582e-04
9.537935839034616947e-04
9.561478509567677975e-04
9.585080551914870739e-04
9.608962573111057281e-04
9.632761939428746700e-04
9.656693437136709690e-04
9.680798975750803947e-04
9.704959229566156864e-04
9.729273733682930470e-04
9.753605700097978115e-04
9.778053499758243561e-04
9.802598506212234497e-04
9.827096946537494659e-04
9.851751383394002914e-04
9.876509429886937141e-04
9.901288431137800217e-04
9.926059283316135406e-04
9.950996609404683113e-04
9.975946741178631783e-04
1.000093761831521988e-03
1.002606120891869068e-03
1.005110680125653744e-03
1.007623272016644478e-03
1.010141219012439251e-03
1.012657536193728447e-03
1.015180139802396297e-03
1.017709146253764629e-03
1.020246301777660847e-03
1.022755051963031292e-03
1.025296049192547798e-03
1.027823891490697861e-03
1.030355342663824558e-03
1.032885629683732986e-03
1.035412773489952087e-03
1.037945621646940708e-03
1.040474511682987213e-03
1.042992342263460159e-03
1.045517856255173683e-03
1.048041856847703457e-03
1.050562947057187557e-03
1.053075771778821945e-03
1.055580796673893929e-03
1.058084890246391296e-03
1.060574897564947605e-03
1.063068164512515068e-03
1.065554562956094742e-03
1.068033045157790184e-03
1.070509315468370914e-03
1.072964863851666451e-03
1.075423904694616795e-03
1.077869092114269733e-03
1.080320915207266808e-03
1.082751899957656860e-03
1.085173455066978931e-03
1.087587326765060425e-03
1.089985365979373455e-03
1.092377817258238792e-03
1.094748266041278839e-03
1.097105327062308788e-03
1.099454471841454506e-03
1.101803733035922050e-03
1.104128197766840458e-03
1.106433104723691940e-03
1.108748023398220539e-03
1.111044199205935001e-03
1.113312202505767345e-03
1.115560065954923630e-03
1.117805368266999722e-03
1.120021799579262733e-03
1.122223678976297379e-03
1.124415080994367599e-03
1.126581453718245029e-03
1.128720236010849476e-03
1.130832708440721035e-03
1.132932142354547977e-03
1.135005033574998379e-03
1.137062325142323971e-03
1.139102503657341003e-03
1.141120214015245438e-03
1.143119763582944870e-03
1.145087648183107376e-03
1.147030503489077091e-03
1.148965675383806229e-03
1.150862779468297958e-03
1.152742304839193821e-03
1.154591795057058334e-03
1.156420214101672173e-03
1.158221042715013027e-03
1.159999403171241283e-03
1.161752734333276749e-03
1.163493026979267597e-03
1.165192457847297192e-03
1.166869420558214188e-03
1.168532995507121086e-03
1.170147908851504326e-03
1.171744544990360737e-03
1.173309632577002048e-03
1.174839911982417107e-03
1.176343765109777451e-03
1.177825732156634331e-03
1.179258222691714764e-03
1.180666964501142502e-03
1.182045438326895237e-03
1.183391897939145565e-03
1.184707856737077236e-03
1.185992150567471981e-03
1.187231158837676048e-03
1.188447815366089344e-03
1.189631293527781963e-03
1.190782757475972176e-03
1.191905350424349308e-03
1.192983356304466724e-03
1.194032374769449234e-03
1.195043791085481644e-03
1.196014112792909145e-03
1.196961035020649433e-03
1.197871984913945198e-03
1.198743004351854324e-03
1.199586549773812294e-03
1.200378406792879105e-03
1.201145816594362259e-03
1.201881328597664833e-03
1.202578423544764519e-03
1.203232561238110065e-03
1.203859457746148109e-03
1.204438274726271629e-03
1.204984146170318127e-03
1.205507549457252026e-03
1.205976004712283611e-03
1.206404878757894039e-03
1.206809771247208118e-03
1.207162276841700077e-03
1.207483932375907898e-03
1.207786612212657928e-03
1.208027941174805164e-03
1.208239700645208359e-03
1.208398840390145779e-03
1.208532252348959446e-03
1.208638190291821957e-03
1.208686269819736481e-03
